5.000000e+02 1.000000e+02 0.000000e+00
4.755283e+02 2.545085e+02 0.000000e+00
4.045085e+02 3.938926e+02 0.000000e+00
2.938926e+02 5.045085e+02 0.000000e+00
1.545085e+02 5.755283e+02 0.000000e+00
3.061617e-14 6.000000e+02 0.000000e+00
-1.545085e+02 5.755283e+02 0.000000e+00
-2.938926e+02 5.045085e+02 0.000000e+00
-4.045085e+02 3.938926e+02 0.000000e+00
-4.755283e+02 2.545085e+02 0.000000e+00
-5.000000e+02 1.000000e+02 0.000000e+00
-4.755283e+02 -5.450850e+01 0.000000e+00
-4.045085e+02 -1.938926e+02 0.000000e+00
-2.938926e+02 -3.045085e+02 0.000000e+00
-1.545085e+02 -3.755283e+02 0.000000e+00
-9.184851e-14 -4.000000e+02 0.000000e+00
1.545085e+02 -3.755283e+02 0.000000e+00
2.938926e+02 -3.045085e+02 0.000000e+00
4.045085e+02 -1.938926e+02 0.000000e+00
4.755283e+02 -5.450850e+01 0.000000e+00
5.837166e+02 5.469482e+01 5.263158e+01
5.592449e+02 2.092033e+02 5.263158e+01
4.882251e+02 3.485874e+02 5.263158e+01
3.776093e+02 4.592033e+02 5.263158e+01
2.382251e+02 5.302231e+02 5.263158e+01
8.371665e+01 5.546948e+02 5.263158e+01
-7.079185e+01 5.302231e+02 5.263158e+01
-2.101760e+02 4.592033e+02 5.263158e+01
-3.207918e+02 3.485874e+02 5.263158e+01
-3.918116e+02 2.092033e+02 5.263158e+01
-4.162834e+02 5.469482e+01 5.263158e+01
-3.918116e+02 -9.981368e+01 5.263158e+01
-3.207918e+02 -2.391978e+02 5.263158e+01
-2.101760e+02 -3.498137e+02 5.263158e+01
-7.079185e+01 -4.208334e+02 5.263158e+01
8.371665e+01 -4.453052e+02 5.263158e+01
2.382251e+02 -4.208334e+02 5.263158e+01
3.776093e+02 -3.498137e+02 5.263158e+01
4.882251e+02 -2.391978e+02 5.263158e+01
5.592449e+02 -9.981368e+01 5.263158e+01
5.915773e+02 -4.016954e+01 1.052632e+02
5.671056e+02 1.143390e+02 1.052632e+02
4.960858e+02 2.537231e+02 1.052632e+02
3.854700e+02 3.643390e+02 1.052632e+02
2.460858e+02 4.353587e+02 1.052632e+02
9.157733e+01 4.598305e+02 1.052632e+02
-6.293116e+01 4.353587e+02 1.052632e+02
-2.023153e+02 3.643390e+02 1.052632e+02
-3.129312e+02 2.537231e+02 1.052632e+02
-3.839509e+02 1.143390e+02 1.052632e+02
-4.084227e+02 -4.016954e+01 1.052632e+02
-3.839509e+02 -1.946780e+02 1.052632e+02
-3.129312e+02 -3.340622e+02 1.052632e+02
-2.023153e+02 -4.446780e+02 1.052632e+02
-6.293116e+01 -5.156978e+02 1.052632e+02
9.157733e+01 -5.401695e+02 1.052632e+02
2.460858e+02 -5.156978e+02 1.052632e+02
3.854700e+02 -4.446780e+02 1.052632e+02
4.960858e+02 -3.340622e+02 1.052632e+02
5.671056e+02 -1.946780e+02 1.052632e+02
5.164595e+02 -9.863613e+01 1.578947e+02
4.919877e+02 5.587237e+01 1.578947e+02
4.209680e+02 1.952565e+02 1.578947e+02
3.103521e+02 3.058724e+02 1.578947e+02
1.709680e+02 3.768921e+02 1.578947e+02
1.645946e+01 4.013639e+02 1.578947e+02
-1.380490e+02 3.768921e+02 1.578947e+02
-2.774332e+02 3.058724e+02 1.578947e+02
-3.880490e+02 1.952565e+02 1.578947e+02
-4.590688e+02 5.587237e+01 1.578947e+02
-4.835405e+02 -9.863613e+01 1.578947e+02
-4.590688e+02 -2.531446e+02 1.578947e+02
-3.880490e+02 -3.925288e+02 1.578947e+02
-2.774332e+02 -5.031446e+02 1.578947e+02
-1.380490e+02 -5.741644e+02 1.578947e+02
1.645946e+01 -5.986361e+02 1.578947e+02
1.709680e+02 -5.741644e+02 1.578947e+02
3.103521e+02 -5.031446e+02 1.578947e+02
4.209680e+02 -3.925288e+02 1.578947e+02
4.919877e+02 -2.531446e+02 1.578947e+02
4.264276e+02 -6.772816e+01 2.105263e+02
4.019559e+02 8.678034e+01 2.105263e+02
3.309361e+02 2.261645e+02 2.105263e+02
2.203202e+02 3.367803e+02 2.105263e+02
8.093611e+01 4.078001e+02 2.105263e+02
-7.357239e+01 4.322718e+02 2.105263e+02
-2.280809e+02 4.078001e+02 2.105263e+02
-3.674650e+02 3.367803e+02 2.105263e+02
-4.780809e+02 2.261645e+02 2.105263e+02
-5.491006e+02 8.678034e+01 2.105263e+02
-5.735724e+02 -6.772816e+01 2.105263e+02
-5.491006e+02 -2.222367e+02 2.105263e+02
-4.780809e+02 -3.616208e+02 2.105263e+02
-3.674650e+02 -4.722367e+02 2.105263e+02
-2.280809e+02 -5.432564e+02 2.105263e+02
-7.357239e+01 -5.677282e+02 2.105263e+02
8.093611e+01 -5.432564e+02 2.105263e+02
2.203202e+02 -4.722367e+02 2.105263e+02
3.309361e+02 -3.616208e+02 2.105263e+02
4.019559e+02 -2.222367e+02 2.105263e+02
4.030600e+02 2.454855e+01 2.631579e+02
3.785882e+02 1.790570e+02 2.631579e+02
3.075685e+02 3.184412e+02 2.631579e+02
1.969526e+02 4.290570e+02 2.631579e+02
5.756847e+01 5.000768e+02 2.631579e+02
-9.694003e+01 5.245485e+02 2.631579e+02
-2.514485e+02 5.000768e+02 2.631579e+02
-3.908327e+02 4.290570e+02 2.631579e+02
-5.014485e+02 3.184412e+02 2.631579e+02
-5.724683e+02 1.790570e+02 2.631579e+02
-5.969400e+02 2.454855e+01 2.631579e+02
-5.724683e+02 -1.299599e+02 2.631579e+02
-5.014485e+02 -2.693441e+02 2.631579e+02
-3.908327e+02 -3.799599e+02 2.631579e+02
-2.514485e+02 -4.509797e+02 2.631579e+02
-9.694003e+01 -4.754515e+02 2.631579e+02
5.756847e+01 -4.509797e+02 2.631579e+02
1.969526e+02 -3.799599e+02 2.631579e+02
3.075685e+02 -2.693441e+02 2.631579e+02
3.785882e+02 -1.299599e+02 2.631579e+02
4.675301e+02 9.458172e+01 3.157895e+02
4.430583e+02 2.490902e+02 3.157895e+02
3.720386e+02 3.884744e+02 3.157895e+02
2.614227e+02 4.990902e+02 3.157895e+02
1.220386e+02 5.701100e+02 3.157895e+02
-3.246995e+01 5.945817e+02 3.157895e+02
-1.869784e+02 5.701100e+02 3.157895e+02
-3.263626e+02 4.990902e+02 3.157895e+02
-4.369784e+02 3.884744e+02 3.157895e+02
-5.079982e+02 2.490902e+02 3.157895e+02
-5.324699e+02 9.458172e+01 3.157895e+02
-5.079982e+02 -5.992677e+01 3.157895e+02
-4.369784e+02 -1.993109e+02 3.157895e+02
-3.263626e+02 -3.099268e+02 3.157895e+02
-1.869784e+02 -3.809465e+02 3.157895e+02
-3.246995e+01 -4.054183e+02 3.157895e+02
1.220386e+02 -3.809465e+02 3.157895e+02
2.614227e+02 -3.099268e+02 3.157895e+02
3.720386e+02 -1.993109e+02 3.157895e+02
4.430583e+02 -5.992677e+01 3.157895e+02
5.614213e+02 7.891405e+01 3.684211e+02
5.369495e+02 2.334225e+02 3.684211e+02
4.659298e+02 3.728067e+02 3.684211e+02
3.553139e+02 4.834225e+02 3.684211e+02
2.159298e+02 5.544423e+02 3.684211e+02
6.142127e+01 5.789141e+02 3.684211e+02
-9.308723e+01 5.544423e+02 3.684211e+02
-2.324714e+02 4.834225e+02 3.684211e+02
-3.430872e+02 3.728067e+02 3.684211e+02
-4.141070e+02 2.334225e+02 3.684211e+02
-4.385787e+02 7.891405e+01 3.684211e+02
-4.141070e+02 -7.559445e+01 3.684211e+02
-3.430872e+02 -2.149786e+02 3.684211e+02
-2.324714e+02 -3.255944e+02 3.684211e+02
-9.308723e+01 -3.966142e+02 3.684211e+02
6.142127e+01 -4.210859e+02 3.684211e+02
2.159298e+02 -3.966142e+02 3.684211e+02
3.553139e+02 -3.255944e+02 3.684211e+02
4.659298e+02 -2.149786e+02 3.684211e+02
5.369495e+02 -7.559445e+01 3.684211e+02
5.996584e+02 -8.257935e+00 4.210526e+02
5.751867e+02 1.462506e+02 4.210526e+02
5.041669e+02 2.856347e+02 4.210526e+02
3.935511e+02 3.962506e+02 4.210526e+02
2.541669e+02 4.672703e+02 4.210526e+02
9.965845e+01 4.917421e+02 4.210526e+02
-5.485005e+01 4.672703e+02 4.210526e+02
-1.942342e+02 3.962506e+02 4.210526e+02
-3.048500e+02 2.856347e+02 4.210526e+02
-3.758698e+02 1.462506e+02 4.210526e+02
-4.003416e+02 -8.257935e+00 4.210526e+02
-3.758698e+02 -1.627664e+02 4.210526e+02
-3.048500e+02 -3.021506e+02 4.210526e+02
-1.942342e+02 -4.127664e+02 4.210526e+02
-5.485005e+01 -4.837862e+02 4.210526e+02
9.965845e+01 -5.082579e+02 4.210526e+02
2.541669e+02 -4.837862e+02 4.210526e+02
3.935511e+02 -4.127664e+02 4.210526e+02
5.041669e+02 -3.021506e+02 4.210526e+02
5.751867e+02 -1.627664e+02 4.210526e+02
5.475947e+02 -8.794738e+01 4.736842e+02
5.231230e+02 6.656112e+01 4.736842e+02
4.521032e+02 2.059453e+02 4.736842e+02
3.414874e+02 3.165611e+02 4.736842e+02
2.021032e+02 3.875809e+02 4.736842e+02
4.759474e+01 4.120526e+02 4.736842e+02
-1.069138e+02 3.875809e+02 4.736842e+02
-2.462979e+02 3.165611e+02 4.736842e+02
-3.569138e+02 2.059453e+02 4.736842e+02
-4.279335e+02 6.656112e+01 4.736842e+02
-4.524053e+02 -8.794738e+01 4.736842e+02
-4.279335e+02 -2.424559e+02 4.736842e+02
-3.569138e+02 -3.818400e+02 4.736842e+02
-2.462979e+02 -4.924559e+02 4.736842e+02
-1.069138e+02 -5.634756e+02 4.736842e+02
4.759474e+01 -5.879474e+02 4.736842e+02
2.021032e+02 -5.634756e+02 4.736842e+02
3.414874e+02 -4.924559e+02 4.736842e+02
4.521032e+02 -3.818400e+02 4.736842e+02
5.231230e+02 -2.424559e+02 4.736842e+02
4.524053e+02 -8.794738e+01 5.263158e+02
4.279335e+02 6.656112e+01 5.263158e+02
3.569138e+02 2.059453e+02 5.263158e+02
2.462979e+02 3.165611e+02 5.263158e+02
1.069138e+02 3.875809e+02 5.263158e+02
-4.759474e+01 4.120526e+02 5.263158e+02
-2.021032e+02 3.875809e+02 5.263158e+02
-3.414874e+02 3.165611e+02 5.263158e+02
-4.521032e+02 2.059453e+02 5.263158e+02
-5.231230e+02 6.656112e+01 5.263158e+02
-5.475947e+02 -8.794738e+01 5.263158e+02
-5.231230e+02 -2.424559e+02 5.263158e+02
-4.521032e+02 -3.818400e+02 5.263158e+02
-3.414874e+02 -4.924559e+02 5.263158e+02
-2.021032e+02 -5.634756e+02 5.263158e+02
-4.759474e+01 -5.879474e+02 5.263158e+02
1.069138e+02 -5.634756e+02 5.263158e+02
2.462979e+02 -4.924559e+02 5.263158e+02
3.569138e+02 -3.818400e+02 5.263158e+02
4.279335e+02 -2.424559e+02 5.263158e+02
4.003416e+02 -8.257935e+00 5.789474e+02
3.758698e+02 1.462506e+02 5.789474e+02
3.048500e+02 2.856347e+02 5.789474e+02
1.942342e+02 3.962506e+02 5.789474e+02
5.485005e+01 4.672703e+02 5.789474e+02
-9.965845e+01 4.917421e+02 5.789474e+02
-2.541669e+02 4.672703e+02 5.789474e+02
-3.935511e+02 3.962506e+02 5.789474e+02
-5.041669e+02 2.856347e+02 5.789474e+02
-5.751867e+02 1.462506e+02 5.789474e+02
-5.996584e+02 -8.257935e+00 5.789474e+02
-5.751867e+02 -1.627664e+02 5.789474e+02
-5.041669e+02 -3.021506e+02 5.789474e+02
-3.935511e+02 -4.127664e+02 5.789474e+02
-2.541669e+02 -4.837862e+02 5.789474e+02
-9.965845e+01 -5.082579e+02 5.789474e+02
5.485005e+01 -4.837862e+02 5.789474e+02
1.942342e+02 -4.127664e+02 5.789474e+02
3.048500e+02 -3.021506e+02 5.789474e+02
3.758698e+02 -1.627664e+02 5.789474e+02
4.385787e+02 7.891405e+01 6.315789e+02
4.141070e+02 2.334225e+02 6.315789e+02
3.430872e+02 3.728067e+02 6.315789e+02
2.324714e+02 4.834225e+02 6.315789e+02
9.308723e+01 5.544423e+02 6.315789e+02
-6.142127e+01 5.789141e+02 6.315789e+02
-2.159298e+02 5.544423e+02 6.315789e+02
-3.553139e+02 4.834225e+02 6.315789e+02
-4.659298e+02 3.728067e+02 6.315789e+02
-5.369495e+02 2.334225e+02 6.315789e+02
-5.614213e+02 7.891405e+01 6.315789e+02
-5.369495e+02 -7.559445e+01 6.315789e+02
-4.659298e+02 -2.149786e+02 6.315789e+02
-3.553139e+02 -3.255944e+02 6.315789e+02
-2.159298e+02 -3.966142e+02 6.315789e+02
-6.142127e+01 -4.210859e+02 6.315789e+02
9.308723e+01 -3.966142e+02 6.315789e+02
2.324714e+02 -3.255944e+02 6.315789e+02
3.430872e+02 -2.149786e+02 6.315789e+02
4.141070e+02 -7.559445e+01 6.315789e+02
5.324699e+02 9.458172e+01 6.842105e+02
5.079982e+02 2.490902e+02 6.842105e+02
4.369784e+02 3.884744e+02 6.842105e+02
3.263626e+02 4.990902e+02 6.842105e+02
1.869784e+02 5.701100e+02 6.842105e+02
3.246995e+01 5.945817e+02 6.842105e+02
-1.220386e+02 5.701100e+02 6.842105e+02
-2.614227e+02 4.990902e+02 6.842105e+02
-3.720386e+02 3.884744e+02 6.842105e+02
-4.430583e+02 2.490902e+02 6.842105e+02
-4.675301e+02 9.458172e+01 6.842105e+02
-4.430583e+02 -5.992677e+01 6.842105e+02
-3.720386e+02 -1.993109e+02 6.842105e+02
-2.614227e+02 -3.099268e+02 6.842105e+02
-1.220386e+02 -3.809465e+02 6.842105e+02
3.246995e+01 -4.054183e+02 6.842105e+02
1.869784e+02 -3.809465e+02 6.842105e+02
3.263626e+02 -3.099268e+02 6.842105e+02
4.369784e+02 -1.993109e+02 6.842105e+02
5.079982e+02 -5.992677e+01 6.842105e+02
5.969400e+02 2.454855e+01 7.368421e+02
5.724683e+02 1.790570e+02 7.368421e+02
5.014485e+02 3.184412e+02 7.368421e+02
3.908327e+02 4.290570e+02 7.368421e+02
2.514485e+02 5.000768e+02 7.368421e+02
9.694003e+01 5.245485e+02 7.368421e+02
-5.756847e+01 5.000768e+02 7.368421e+02
-1.969526e+02 4.290570e+02 7.368421e+02
-3.075685e+02 3.184412e+02 7.368421e+02
-3.785882e+02 1.790570e+02 7.368421e+02
-4.030600e+02 2.454855e+01 7.368421e+02
-3.785882e+02 -1.299599e+02 7.368421e+02
-3.075685e+02 -2.693441e+02 7.368421e+02
-1.969526e+02 -3.799599e+02 7.368421e+02
-5.756847e+01 -4.509797e+02 7.368421e+02
9.694003e+01 -4.754515e+02 7.368421e+02
2.514485e+02 -4.509797e+02 7.368421e+02
3.908327e+02 -3.799599e+02 7.368421e+02
5.014485e+02 -2.693441e+02 7.368421e+02
5.724683e+02 -1.299599e+02 7.368421e+02
5.735724e+02 -6.772816e+01 7.894737e+02
5.491006e+02 8.678034e+01 7.894737e+02
4.780809e+02 2.261645e+02 7.894737e+02
3.674650e+02 3.367803e+02 7.894737e+02
2.280809e+02 4.078001e+02 7.894737e+02
7.357239e+01 4.322718e+02 7.894737e+02
-8.093611e+01 4.078001e+02 7.894737e+02
-2.203202e+02 3.367803e+02 7.894737e+02
-3.309361e+02 2.261645e+02 7.894737e+02
-4.019559e+02 8.678034e+01 7.894737e+02
-4.264276e+02 -6.772816e+01 7.894737e+02
-4.019559e+02 -2.222367e+02 7.894737e+02
-3.309361e+02 -3.616208e+02 7.894737e+02
-2.203202e+02 -4.722367e+02 7.894737e+02
-8.093611e+01 -5.432564e+02 7.894737e+02
7.357239e+01 -5.677282e+02 7.894737e+02
2.280809e+02 -5.432564e+02 7.894737e+02
3.674650e+02 -4.722367e+02 7.894737e+02
4.780809e+02 -3.616208e+02 7.894737e+02
5.491006e+02 -2.222367e+02 7.894737e+02
4.835405e+02 -9.863613e+01 8.421053e+02
4.590688e+02 5.587237e+01 8.421053e+02
3.880490e+02 1.952565e+02 8.421053e+02
2.774332e+02 3.058724e+02 8.421053e+02
1.380490e+02 3.768921e+02 8.421053e+02
-1.645946e+01 4.013639e+02 8.421053e+02
-1.709680e+02 3.768921e+02 8.421053e+02
-3.103521e+02 3.058724e+02 8.421053e+02
-4.209680e+02 1.952565e+02 8.421053e+02
-4.919877e+02 5.587237e+01 8.421053e+02
-5.164595e+02 -9.863613e+01 8.421053e+02
-4.919877e+02 -2.531446e+02 8.421053e+02
-4.209680e+02 -3.925288e+02 8.421053e+02
-3.103521e+02 -5.031446e+02 8.421053e+02
-1.709680e+02 -5.741644e+02 8.421053e+02
-1.645946e+01 -5.986361e+02 8.421053e+02
1.380490e+02 -5.741644e+02 8.421053e+02
2.774332e+02 -5.031446e+02 8.421053e+02
3.880490e+02 -3.925288e+02 8.421053e+02
4.590688e+02 -2.531446e+02 8.421053e+02
4.084227e+02 -4.016954e+01 8.947368e+02
3.839509e+02 1.143390e+02 8.947368e+02
3.129312e+02 2.537231e+02 8.947368e+02
2.023153e+02 3.643390e+02 8.947368e+02
6.293116e+01 4.353587e+02 8.947368e+02
-9.157733e+01 4.598305e+02 8.947368e+02
-2.460858e+02 4.353587e+02 8.947368e+02
-3.854700e+02 3.643390e+02 8.947368e+02
-4.960858e+02 2.537231e+02 8.947368e+02
-5.671056e+02 1.143390e+02 8.947368e+02
-5.915773e+02 -4.016954e+01 8.947368e+02
-5.671056e+02 -1.946780e+02 8.947368e+02
-4.960858e+02 -3.340622e+02 8.947368e+02
-3.854700e+02 -4.446780e+02 8.947368e+02
-2.460858e+02 -5.156978e+02 8.947368e+02
-9.157733e+01 -5.401695e+02 8.947368e+02
6.293116e+01 -5.156978e+02 8.947368e+02
2.023153e+02 -4.446780e+02 8.947368e+02
3.129312e+02 -3.340622e+02 8.947368e+02
3.839509e+02 -1.946780e+02 8.947368e+02
4.162834e+02 5.469482e+01 9.473684e+02
3.918116e+02 2.092033e+02 9.473684e+02
3.207918e+02 3.485874e+02 9.473684e+02
2.101760e+02 4.592033e+02 9.473684e+02
7.079185e+01 5.302231e+02 9.473684e+02
-8.371665e+01 5.546948e+02 9.473684e+02
-2.382251e+02 5.302231e+02 9.473684e+02
-3.776093e+02 4.592033e+02 9.473684e+02
-4.882251e+02 3.485874e+02 9.473684e+02
-5.592449e+02 2.092033e+02 9.473684e+02
-5.837166e+02 5.469482e+01 9.473684e+02
-5.592449e+02 -9.981368e+01 9.473684e+02
-4.882251e+02 -2.391978e+02 9.473684e+02
-3.776093e+02 -3.498137e+02 9.473684e+02
-2.382251e+02 -4.208334e+02 9.473684e+02
-8.371665e+01 -4.453052e+02 9.473684e+02
7.079185e+01 -4.208334e+02 9.473684e+02
2.101760e+02 -3.498137e+02 9.473684e+02
3.207918e+02 -2.391978e+02 9.473684e+02
3.918116e+02 -9.981368e+01 9.473684e+02
5.000000e+02 1.000000e+02 1.000000e+03
4.755283e+02 2.545085e+02 1.000000e+03
4.045085e+02 3.938926e+02 1.000000e+03
2.938926e+02 5.045085e+02 1.000000e+03
1.545085e+02 5.755283e+02 1.000000e+03
-4.286264e-14 6.000000e+02 1.000000e+03
-1.545085e+02 5.755283e+02 1.000000e+03
-2.938926e+02 5.045085e+02 1.000000e+03
-4.045085e+02 3.938926e+02 1.000000e+03
-4.755283e+02 2.545085e+02 1.000000e+03
-5.000000e+02 1.000000e+02 1.000000e+03
-4.755283e+02 -5.450850e+01 1.000000e+03
-4.045085e+02 -1.938926e+02 1.000000e+03
-2.938926e+02 -3.045085e+02 1.000000e+03
-1.545085e+02 -3.755283e+02 1.000000e+03
-1.653273e-13 -4.000000e+02 1.000000e+03
1.545085e+02 -3.755283e+02 1.000000e+03
2.938926e+02 -3.045085e+02 1.000000e+03
4.045085e+02 -1.938926e+02 1.000000e+03
4.755283e+02 -5.450850e+01 1.000000e+03
