3.782293684454146598e-01 7.524190316571426340e-01 8.140138463084478637e-03
2.792776189220170791e-01 7.847754987316108988e-01 1.644129152896586232e-01
2.227717366428872969e-01 3.872927283481130134e-01 5.034223479493731279e-01
4.670628904405325077e-01 3.365196430327515031e-01 4.232237878678554166e-01
1.269695181327860078e-01 9.661130305866962864e-01 7.311209315199496128e-02
3.219321428285606412e-01 1.053195506215935939e-01 1.032774750560205845e-01
5.580231431906568229e-01 3.722895888815345167e-01 4.960372656505560585e-01
4.225975393535320590e-01 4.315473835566858707e-01 6.311568829959265381e-01
2.919937482840698761e-01 6.769864764221755760e-01 6.529431405481578299e-02
8.427089193831663883e-01 4.902304871023616117e-01 6.670961533384472952e-01
7.711639908385470310e-02 6.704594167236295199e-01 4.017124237034622736e-01
9.600507353951073242e-01 4.256226778349291306e-01 8.575296962582410476e-01
8.969833114858738465e-01 2.866006730494915500e-01 8.632762442014099147e-01
5.607842849897859416e-02 4.175732153609527098e-01 6.043444111601735669e-01
6.954108214286165435e-01 1.322733366425531409e-01 5.786665380895250621e-02
5.424776227028657027e-01 2.924661359145765971e-01 3.498266627500824510e-01
5.497045730266203467e-02 5.334041056628608946e-01 6.904442854812768982e-01
7.339513460318456417e-01 5.510927280095107017e-01 8.591360626833505210e-01
9.039380187458967431e-02 7.543453258005072826e-02 1.381867472237896521e-03
1.792780139363420178e-01 8.813155915342789637e-01 5.043927924057343137e-01
5.127407631071151384e-01 9.061268835005352740e-01 7.020327713745267983e-01
7.974419689235534570e-01 8.083196491395577832e-01 3.788741341330383872e-01
7.794246605231323066e-01 9.328020199617974573e-01 1.997030549371645591e-01
5.467922895443622089e-03 6.395798133462273771e-01 2.578824435659490266e-01
5.735964081410502846e-01 9.621262827693813913e-01 9.622653336791823220e-01
1.951008629179885601e-01 7.287501837775433033e-01 8.371401958624056228e-01
6.002913351901736361e-01 7.269524957296775725e-01 2.910802584642842028e-01
8.783949655933104284e-01 2.697124129113266378e-01 3.064885656666618274e-01
4.735072158893732786e-01 8.314913797333647327e-01 8.975206964305981749e-03
1.681542719774534733e-01 4.927505028635651430e-01 5.275162480374986362e-01
3.902990975835163301e-01 2.079003510828747459e-01 8.684073351254398832e-01
6.749396387221447968e-01 8.344512268195604099e-01 8.284307088847477907e-01
5.238796788456333564e-01 3.942265944245426645e-02 9.117943613721246621e-02
9.187126712342875701e-01 9.074744311068589919e-01 6.374833404334483422e-01
7.089979795679310914e-01 1.398593156521417136e-01 5.095246466462924895e-01
6.260243363308093389e-01 8.926831291813932534e-01 6.506189335661644035e-01
4.559977060995270559e-01 4.590405521270062295e-01 1.695441115693925305e-01
3.916064658609738069e-01 9.215616717626465837e-01 1.763219822229743494e-01
7.437865892237927046e-02 8.956821504542644696e-01 2.941923005496923649e-01
8.511389376864127998e-01 5.258515992673062911e-01 9.842471803446070089e-01
5.113691303447908121e-01 1.465918480248498135e-01 7.058033648383622571e-01
4.661607925207867931e-01 4.688310120579564089e-01 5.080307266694322754e-01
5.225764665361601891e-01 3.944574478820372931e-02 1.502338097918898274e-01
3.962262306532116085e-01 5.264662183187270861e-01 7.797140404448044126e-01
3.750334447464613863e-01 8.014349299838313678e-01 2.247490595332558572e-01
7.330277816309052064e-01 8.186214083700156241e-01 5.355857476393443006e-01
7.641663771537299255e-02 9.409903485642688858e-01 5.997182679183404863e-01
2.005761058764842231e-01 2.370461118006850221e-02 4.358943923630568262e-01
8.660739947890129242e-01 7.204740196417219744e-01 2.444366096469258176e-01
6.892315375118190923e-01 1.186288791990760538e-01 8.391136013114334213e-01
2.340828927104077195e-03 8.816106792152064164e-01 6.007231786258941941e-01
2.610157588726255140e-01 5.812529054900049674e-01 8.227004032041795867e-02
7.180606235550618388e-01 5.812769330784133270e-01 8.162144243727942339e-01
4.286870813583060214e-01 6.479374972299537516e-01 9.485091980773293630e-01
2.464680083685168999e-01 4.627317829146171402e-01 4.006523857244048692e-02
1.343828526679020641e-01 2.061361317516815506e-01 9.167841459240346769e-01
4.345783206655295938e-01 3.879436986777728968e-01 4.369184205147877975e-01
9.787834405749361588e-01 2.140898334430704208e-01 6.015895944905412795e-01
7.241076614823822588e-01 3.896055850172719381e-03 9.656151800419143783e-01
3.357554242391361798e-01 2.831701788820484289e-01 6.806913831801213455e-01
3.126261129692948781e-01 9.294648482717788873e-01 7.165453846366081070e-01
4.212796717747944175e-01 3.652283942006451234e-01 5.317383268828188569e-01
7.728905435749211517e-02 4.147080340995477066e-01 8.349937850064942380e-01
1.610430021253177468e-01 9.448697272496264787e-02 1.597656415071188052e-01
6.388603601059322790e-01 6.274295202477947475e-01 1.696894674892323041e-01
8.084333353569770342e-01 1.725200615777011670e-02 2.917614383800679612e-01
2.639218251479193977e-01 8.142214097206575962e-01 8.325205616015138865e-01
4.380982503500767677e-01 6.172002931128582892e-01 9.919447678601440721e-01
6.657665953480735865e-01 5.977000505097417316e-01 2.679413610133966062e-01
1.144018257376944181e-01 5.405214642786496659e-01 7.750255424516632186e-01
5.173789760114904102e-01 2.313078456735691013e-01 4.611245772489640515e-01
4.980303057456004767e-01 8.960647477036294273e-01 5.780900290068701208e-01
1.194436276519761364e-01 8.141650122783050669e-01 1.205875515054924962e-01
3.223986211943763447e-01 7.575098387935793598e-01 1.341295629335895745e-01
5.197353079018780520e-01 3.694269172808681834e-01 2.330279125191538903e-01
9.529874008575107691e-01 7.262770015687505243e-01 9.510346403349937416e-01
3.684604127978147181e-01 3.693430189897413118e-01 2.491322018660890869e-02
8.559070901928478303e-02 5.482981746287698410e-01 6.158899709923311150e-01
8.292879669080273075e-01 2.131749339410153876e-01 1.804937392943224417e-01
7.605048793087965109e-02 8.707700688904204123e-01 1.379219780276716989e-01
2.055650222662914750e-01 7.867317447168787892e-01 5.517173188910836634e-01
7.532948632350811025e-01 8.386782784949200487e-01 4.812272499829948202e-01
5.428658044336120980e-01 8.530583201335880661e-01 2.819463850845206343e-01
5.429454756876372912e-02 8.450427775382296502e-01 3.161893173463514728e-02
3.736190084361107333e-01 2.461586889471754080e-01 4.758452788662164146e-01
3.112722777690692944e-01 8.691094867869104679e-01 4.897109490239960339e-01
6.732469004620449393e-01 2.343147182312220744e-01 3.578748782060039435e-01
3.876841436757667569e-01 3.586246385960084604e-01 3.777716019491536015e-01
9.741273311365138410e-01 4.440151133672113337e-01 3.947897379099465365e-01
9.938075788566158586e-01 5.897360098317632193e-01 9.228421084992921575e-02
4.033997062384053756e-01 2.499306764345806675e-01 3.051459895592611993e-01
5.984173701257606837e-01 6.086988340530150587e-01 8.423331318345972374e-02
9.305490139091733282e-01 4.262342134408454442e-01 9.511746412772287274e-01
6.128836096902519071e-01 3.437156959029761261e-01 5.218072854779454151e-02
2.483365369945059742e-01 2.833196666413654308e-01 5.535234693160623332e-01
9.384069569672318645e-01 3.543447285158013438e-01 2.241669921197440019e-01
9.213661993309086862e-01 2.764301317449237017e-01 9.275768128960750758e-01
8.648763187916274076e-01 7.850134383927227510e-01 3.937753067281619668e-01
7.523727515525220344e-01 4.092428878820129068e-01 2.897685868736546988e-01
8.362861304159734388e-01 8.057580352086339825e-01 4.036056834090621104e-01
6.509514754879284215e-01 9.075144711371407880e-02 2.500035520721352045e-01
1.352057930656448415e-01 4.253975966495752159e-01 1.760514150892289464e-02
4.875068559043544969e-01 1.067569378016375303e-01 3.733729295828587258e-01
8.917726437124475769e-01 4.963876695493119051e-02 2.830168480062275060e-01
9.468802841694879957e-01 8.962488154324393941e-01 1.241299374436536374e-01
8.152692921933711867e-01 3.197041154953245146e-01 5.266914258597924503e-01
3.118784933158489370e-01 8.594099741523806291e-01 6.721062482567574659e-01
6.128322747464138853e-01 5.487177540260667064e-01 3.270356957700361056e-01
8.192969984382043602e-01 9.532773338200243307e-01 6.227646415788293810e-01
2.285569122929438368e-01 5.647497469692901451e-01 4.982305813950338447e-02
7.170949141031672802e-01 3.744182635066817255e-01 3.809667998587377147e-01
8.936410825737296504e-01 4.616577642315484731e-01 5.778012916708420432e-01
2.336555321404550911e-01 7.993260016332833784e-01 6.039259952769858719e-01
2.380969052546766385e-01 3.393078487434375567e-01 2.515461250548466365e-01
9.581861716979500621e-02 3.855375822315304513e-01 9.441150115482928040e-01
7.765786366215365888e-01 2.310200724873127109e-01 6.095353134520444804e-01
6.106583164388996732e-01 6.326252814885015008e-01 4.388066956607281632e-01
5.136103430701344230e-01 3.208319716870914329e-01 8.552576310853122754e-01
1.409648938485184022e-01 6.422888492647083059e-01 5.639950228560600687e-01
7.222478054490348853e-01 6.276259941920304675e-01 8.687741655058786039e-01
6.951793515719620897e-01 3.764241843340390137e-01 7.300407650800678772e-01
3.321291871896331349e-01 5.281740307127175127e-01 9.301186456873533626e-01
4.301195115882522346e-01 8.858090589706008045e-01 8.441679092479843494e-01
3.508658487726149522e-01 3.147807940334190757e-01 8.923382803855502976e-01
1.544544902368769623e-01 4.205557976234686191e-01 8.907769612981748519e-01
2.832968813768296235e-01 7.306508256069436102e-01 4.941185676337220833e-01
4.927363491176938171e-01 9.626810028163103050e-01 5.858857671933170863e-02
7.426318564056449967e-01 4.613895542013547457e-01 9.046747967433195203e-01
3.100854476246067692e-01 9.205297171669833967e-01 6.818024216639350099e-01
9.801386526859823256e-01 2.639885783301110234e-02 9.186594897332019949e-01
1.690959255937651839e-03 9.356589673466297885e-01 1.277888914340755688e-01
4.719118839306176705e-01 9.278432702173192714e-01 3.216332624149219610e-01
3.000990606032822861e-01 5.221160600277674479e-02 9.485989799284815227e-01
5.437434800051944572e-01 6.825500998759350679e-01 2.450130513150035050e-01
8.482455037081331195e-01 2.569547881602708417e-01 1.897151051791411414e-01
7.981973156361561461e-01 7.050702775229800157e-01 5.842178542540843456e-02
8.728533291451735510e-01 8.007833588347376130e-01 1.399625986493368002e-01
3.568606320933288556e-01 1.842528146750150864e-01 3.147895002988261304e-01
4.093310989969873859e-01 3.907403007397469707e-01 8.695868825772998800e-01
1.425059389487868255e-01 8.475325945553132678e-01 3.714511492025297512e-01
7.111575040896830346e-01 6.705360596048456356e-01 7.296665219969022953e-01
4.817004668426746461e-01 8.035419596004216292e-01 5.842742984994475641e-02
3.423445793797945669e-01 8.836655003667120978e-01 1.685503786697817308e-01
8.916739289474195918e-02 3.874616359636741114e-01 2.897928651459822369e-01
3.941178360629200572e-01 7.216975162100209840e-01 1.253068702991668726e-01
1.803943607048922315e-01 4.411866535840769377e-01 1.995081199098802660e-01
4.815187387774233496e-02 4.795372896776930460e-01 4.982780187563129459e-01
8.128888789738664133e-01 8.620433268721117148e-02 7.432023542433842112e-01
1.721669329228830980e-01 2.304449997666241368e-01 2.958340420550142902e-02
2.266485621436876707e-01 5.883940225773576227e-01 3.059089436763915426e-01
1.512422984504577794e-01 9.622445423433797496e-01 5.751330006507576753e-01
5.417235386444260170e-01 8.876201649942982996e-02 8.229880973772664143e-01
4.120996633188388492e-01 3.874197695906598238e-01 8.370422596041667829e-01
3.726953381745103933e-01 2.489029774210615997e-03 5.363668622810024988e-02
8.831293524942660511e-01 3.001731868984920393e-01 4.123928117595078158e-01
4.835154095159910348e-01 3.794388550481229139e-01 7.749165720497029897e-01
9.842617419087874575e-01 6.729201623131904064e-01 9.011299423588983171e-01
8.200475825537453245e-01 1.208797917360073804e-01 2.098309152693458302e-01
6.959853124395318780e-01 5.745359795863995700e-01 7.144200456019910161e-01
6.851131549108546714e-03 6.186448483854878333e-02 4.199623855454692745e-01
3.876190385449462816e-02 6.959597204116861890e-01 3.961143914521080278e-01
4.607465489166312489e-01 7.521694511687289086e-01 9.010197778718587180e-03
6.718262530554184320e-01 4.540080621907303104e-01 8.618930321029005803e-02
6.122689364866773509e-02 3.320776607099485966e-01 7.187833788007562674e-01
9.470315722467793629e-01 4.257608530207058761e-01 2.047966930755690251e-01
5.875296096015492076e-02 8.116051830853430182e-01 1.985150210233306289e-01
6.438953274265619697e-01 5.397066932488870927e-01 6.385338268070049894e-01
9.835485301100570510e-01 6.465532044141210077e-01 8.625993963754419180e-02
7.608926791519909916e-02 1.640108212226808471e-01 4.166268463271640687e-01
3.408974746456585603e-01 3.143891605136730494e-01 2.386273926714246318e-01
8.491466093698664119e-01 9.799725091375628416e-01 3.833762174929740141e-01
5.651595973121756877e-01 2.184576743129706955e-02 7.620753872947576557e-01
9.128382578930427371e-01 4.883338872459023206e-01 5.608605899670562334e-01
4.497511548493235978e-01 8.499630178001982284e-01 1.491079303236054754e-01
1.531928822116588318e-01 5.967639708926798514e-01 2.774337926640814134e-01
3.322148710284128503e-01 2.118947321130708605e-01 4.466135990406756573e-01
7.822505272521662611e-02 4.307309255801420322e-01 7.564004509317205915e-01
7.296554772550327694e-01 7.618590429100802197e-01 9.450171146645776066e-01
7.729117179031681495e-01 6.999404094355040629e-01 6.339220084600524219e-01
8.584129723393997269e-01 9.131934938857403372e-01 7.238886056689382009e-01
2.668397586647301978e-01 3.199011855829292372e-02 4.685843422792089763e-01
5.083421289012182154e-01 7.543985283113952001e-02 6.892241431801146012e-01
8.058764012514196828e-01 5.267473821019402758e-01 1.778574289037454514e-01
7.711358523292751732e-01 3.304473523419863001e-01 3.122122254580782519e-01
4.142395412196124838e-01 3.713349410172653853e-01 3.230067483869565326e-01
3.194288414520651820e-02 4.182411887567218933e-01 3.752376722892903915e-01
9.966758755251758917e-02 7.974812387087184540e-01 5.975861782277095413e-01
3.104863486629205749e-01 2.957574075737203767e-01 9.892458043942596868e-01
9.182003276209081966e-01 5.185005653719998442e-02 8.374886972633248661e-01
1.170180440067459804e-01 2.009921135957931648e-01 7.766467392319749141e-01
5.074506264216813722e-01 5.118857833163397153e-01 1.743722871820467812e-01
5.378141390624695539e-01 6.583963219738293571e-01 2.837839463547652263e-01
2.053470465685928170e-01 8.980736697631830356e-02 7.664748701108226037e-03
8.695907598047232234e-01 6.217498654352291432e-01 6.577241694163001862e-01
6.406852053018564641e-01 8.011992850015325907e-01 4.659651747643694941e-01
7.583347533363125059e-01 2.263143357097117114e-01 3.360544024892271331e-01
8.823050768185102255e-01 9.644629054105080534e-01 3.868830446210244078e-01
4.009035999821156659e-01 8.270333299975141106e-01 5.202597731945381998e-01
6.131426952349297022e-01 2.525033461848451566e-01 7.408563653773484470e-01
9.922256762048436984e-01 1.156652532507710385e-01 4.118268127779112220e-01
6.980695126807798800e-01 5.606283717483137030e-01 9.566192046206014599e-01
6.328315522269415405e-01 8.127892366744493557e-01 2.916698745428353279e-01
5.625122752629264644e-01 2.279595968154091157e-01 6.062960035129425496e-01
5.783088926372086380e-01 5.613794266055669446e-01 4.677295448020573065e-01
2.505644538171020175e-01 1.228715981783926603e-01 9.166637655574312316e-01
3.574867181050601639e-01 2.074990387011405035e-01 1.911815342646381310e-01
6.710221317226238158e-01 6.579526823272559000e-01 2.031115192563746064e-01
8.020560260013953613e-01 5.191305875632196143e-01 2.378680891785411866e-01
5.883821659720153141e-01 7.891156936077523554e-01 7.933857252514930902e-02
6.019947685530033787e-01 5.286849970862044223e-01 7.545001325870439590e-01
2.403520790363818938e-01 3.890526029466555569e-01 5.376349234323541948e-01
9.317999126741451921e-01 9.037913306678228009e-01 6.725161967728834345e-01
9.386557049610615433e-01 5.883775990515255350e-01 8.907181529205366877e-01
1.611353222434455112e-01 7.812381104416040722e-01 6.766679671400444018e-02
8.195112269506542590e-01 8.894537460839695431e-01 5.584333582324084722e-01
7.389542962230486456e-01 5.873683049145261847e-02 4.349070707814380876e-01
2.981003081932334098e-01 6.090832970583068828e-01 8.376142405345498032e-01
5.446474319002551079e-01 5.205019792631240261e-01 1.523827166027972302e-01
1.668055412287171579e-01 7.671438798375130874e-01 8.720498172404391735e-01
6.264941212816348415e-01 5.334204165470278758e-01 9.960956904148491331e-01
8.939139259518766867e-01 6.577850999207082161e-01 1.148849880262895473e-01
3.719029686459064399e-01 5.082796670819511586e-01 8.100604134465518857e-01
9.857988118893334928e-02 1.943316280010501940e-01 4.151799163023948136e-01
4.402116580645362154e-01 5.323527492079819234e-01 5.447258131147750815e-01
9.420716670340774090e-01 3.141624638948173898e-01 6.248183476841272510e-01
2.258339449782698072e-02 3.805437885053870595e-01 3.791784885278132178e-01
5.746245744874449723e-01 5.786093505544165350e-02 4.344520791645343216e-01
5.521287961148760859e-01 9.240859813340834839e-01 8.311595466746066752e-01
3.366969284128841222e-01 9.584043526933383461e-01 8.502666039730434333e-01
2.603597702424520488e-02 6.904295565088234277e-01 8.630257687204999639e-01
9.821641263466124316e-01 4.451936245394217950e-01 2.522147286429226032e-01
1.842669874528751750e-01 1.630711227750036851e-02 1.260334452334090916e-01
9.314969499290367549e-01 1.106644304316548588e-01 7.009917266934190261e-01
9.703449211214850711e-01 7.262861527289994346e-01 5.065115602461388589e-01
4.635735038011467024e-01 9.034225335726708828e-01 3.875154818723031136e-01
7.919175109938875190e-01 6.526304239781598460e-01 6.581655049425182424e-01
2.196979998824583058e-01 9.504264065858676336e-01 9.994134046181285536e-01
9.403963946827370579e-01 4.960270585494940265e-01 3.371789668040967580e-01
9.314998378310898053e-01 6.530681481445999026e-02 3.902417055254541189e-01
5.759131637291811101e-01 8.407919780139606614e-01 1.851103318244613494e-01
3.118791814296709708e-01 1.349436616361098240e-01 7.385277989653991071e-01
7.199430463149991688e-02 4.271756165368650882e-01 4.867756697691693057e-01
4.794142490026190861e-01 5.439935778686367795e-01 3.989778666446091027e-01
8.472984883792356037e-02 9.729457402597353477e-01 4.522260926749193111e-01
7.270713073263095350e-01 7.671729223108458839e-01 7.980799140715424400e-01
5.845396184265727602e-01 6.469401685775114652e-01 3.482295686419025760e-01
5.736650852032305625e-01 6.819313699222184777e-01 1.534343580092145665e-01
1.631116693425921360e-01 2.357448558751159551e-01 7.610557833431094155e-01
5.010993980443868567e-01 1.837739222865290012e-01 3.855742739088703352e-01
2.186104764180382132e-01 8.971412176339638167e-01 3.923392145378296059e-01
3.226875151751427140e-01 7.223275559618347330e-01 1.050689845733756567e-01
7.223587356997116515e-01 7.453213737968028552e-01 4.702625243369088492e-01
2.058571068219576805e-01 7.649879026110761870e-01 5.904545952818757160e-01
3.723834068654329199e-01 3.659216953697297381e-02 3.777041112449512905e-01
1.507423941576109261e-01 2.736332450478784484e-02 4.455443558440354002e-01
8.220426158139702011e-01 2.192657339327804822e-01 4.217461790687072609e-01
5.151001154001487725e-01 9.329681757394543418e-01 6.410318315637634212e-01
9.042113286525788052e-01 2.737597214100970788e-01 8.053434966704668962e-01
2.198508390053632855e-02 4.458893117762396940e-02 6.669134877021274388e-01
5.697429242797581450e-01 2.960025068860864250e-01 1.707606605897741270e-01
8.197569296664584115e-01 1.182328316301837212e-01 2.850570256833152571e-01
1.015575445230354479e-02 6.961473249720033785e-01 3.399805702106418748e-01
7.803246145683283563e-01 9.822559298333966016e-01 8.012698860100452292e-01
5.820110729281756656e-01 7.442579395545620979e-01 3.141654507160839271e-01
7.623662260897283716e-01 1.743836243871507152e-01 3.512496976658513459e-01
2.458536709019254474e-01 7.073467450704631343e-01 2.973659795908841774e-01
8.366937882237623914e-02 7.662344503920410776e-01 8.987572333522224621e-01
9.215626371228345937e-01 2.645693347500233106e-02 6.105418792298259456e-01
6.858162412488112425e-01 6.436735978885209652e-01 7.398867054873536908e-01
7.712749093839136316e-01 8.493060436221882004e-01 9.984688482268023746e-01
5.066785119276977500e-01 8.724333644040872526e-01 1.425557235654993926e-01
8.493628477953244493e-01 2.877954656701303682e-01 5.564260411269215112e-01
6.327835139576560852e-01 1.588732352724905317e-01 1.416251312802955242e-01
7.269554705224967606e-02 1.938738191257867172e-01 8.858251866298850752e-01
2.900270013208728903e-01 5.706108301435138808e-01 3.306191995083311852e-01
6.219807902240918063e-01 4.789982356221975657e-01 7.923372749695579698e-01
8.139227366173615863e-01 1.579771840610729727e-01 7.788347370656413249e-01
2.964316732141240029e-01 7.597056279570753023e-01 5.359522724485281664e-01
7.143255058787484346e-01 3.231207921390298887e-01 1.733759249423905136e-01
7.452986410997519684e-02 4.782556925322434260e-01 1.455733382791781771e-01
4.846577270493640510e-01 2.107004845980088303e-01 8.639945278085137126e-02
7.782100733269490256e-01 3.394782216365009875e-01 7.600139998337461789e-01
3.142475786590110953e-01 1.590032385105895063e-01 2.217799414188991181e-01
8.042431394906675024e-01 1.261087464511823075e-01 1.885541829136639924e-01
2.848902944727089714e-01 3.103660480175545189e-01 4.340936216595203678e-02
4.287578122131117109e-01 8.872383187342552935e-01 7.451593026414398135e-01
2.131043304208253275e-01 2.140729933762082204e-01 8.847334883586444043e-01
4.003613482715001615e-01 8.839215531728347175e-01 7.631655802784408360e-01
4.293905732855362034e-01 2.461117041311911002e-02 1.409650200471448400e-01
5.179369252057014483e-01 9.226200031587928896e-01 3.897158281735191299e-02
4.248133440372049430e-01 3.867705284373809116e-01 8.831254894073572448e-01
9.244830619422599316e-01 4.610867287212657706e-01 1.416513728897584867e-01
2.347832624010802727e-01 3.194002165034048879e-02 1.022575600414876718e-01
7.867302493869194890e-01 6.602298818615824905e-01 3.845847409275495732e-01
4.583609948183149374e-01 9.054845763685708260e-01 2.287270215984753552e-01
8.303269537713169335e-01 2.617595772786588393e-01 6.318946908627219861e-01
1.718193242369780993e-02 9.179614224931950117e-01 6.973059100300149638e-02
2.092669823162243148e-01 8.377931130784399549e-02 6.207462180293643605e-02
5.782775903598765810e-01 5.271152236013478820e-01 1.926391984256733414e-01
7.078921251373112566e-01 1.780739170817311479e-01 2.980575546747307181e-01
6.502063617287051622e-01 2.519247886276285708e-01 4.453539095535292702e-01
4.906457250623774691e-01 1.108444918456452655e-02 1.213891692219429830e-01
6.763190509497116754e-01 2.134692452988031786e-01 5.468910333928911349e-01
6.305756251138232571e-01 8.000120905444527697e-01 3.209287094826939191e-01
8.783105522994959502e-01 1.044628071409036130e-01 6.706734979939611430e-01
9.073342880979761160e-01 8.640824610339559175e-01 2.025838568257876116e-01
9.640251291919504917e-01 2.466462735275940510e-01 5.199444536755607471e-01
6.949590346637837257e-01 2.810068667108651663e-01 1.356510670422633735e-01
8.060365307594207218e-01 1.478659813425338143e-01 8.418805441815886415e-01
5.781487007335630590e-01 4.637711985447157126e-03 4.870534198681409910e-01
1.330543900315959149e-01 2.503276489845186470e-01 7.851993201254903187e-02
2.355905828980700001e-01 7.134698584664715959e-01 6.473005180570997608e-01
3.879925535073605047e-01 2.267529340816376582e-02 2.742761621484807177e-01
2.515317718629135335e-01 6.724090317005240180e-01 1.609524060770873843e-01
2.678288626432457908e-01 3.787037879494682402e-01 7.744698351173631146e-01
3.574751313013828646e-01 3.618164704447531799e-01 2.197329201969511203e-02
9.708730207924409772e-01 6.591077714187757453e-01 8.663201735815481142e-01
4.804408354788367586e-01 9.232513773029078497e-01 5.725994390974189496e-01
5.582555128243547049e-01 8.299687840658130922e-01 9.832050220879952063e-01
5.993566775466903085e-01 9.753992324969305017e-01 4.744383208902133164e-01
7.893303187375757535e-01 5.892999583949694031e-01 6.104532274359641963e-02
9.519341791936820618e-01 3.642899123264815575e-01 4.612373935542884995e-01
5.736572892208938734e-01 7.756558509776700916e-02 4.151507382806259860e-01
3.624548974579947513e-01 2.630816666599313791e-01 8.649914719381959216e-01
4.950094571948022715e-01 7.874599519492212485e-01 2.256043852862724686e-01
9.090474603272638010e-01 1.443076910849512284e-01 3.268776595283096054e-02
7.312379001386480892e-01 7.413027940129348625e-01 1.025155544106831629e-01
3.126999475163777520e-01 7.799433666803090581e-02 8.475604610749797319e-01
8.418348651745555244e-01 2.471008468145444725e-01 2.967684594726338609e-01
9.344661133255757202e-01 9.153292729148283513e-01 3.438934339739740942e-03
5.294089106119270749e-02 6.977889738065076175e-01 5.003462912725646916e-01
6.730760496807819404e-02 9.274126105571447454e-01 4.867727764684375291e-01
4.135822107538467129e-01 8.605156369825794904e-02 6.607953956679064600e-01
4.048035018284886766e-01 6.658022037988112762e-01 5.779619088935916693e-01
5.549676702252316352e-01 5.545938121808513532e-02 2.918207386873360454e-01
9.645381941415132054e-02 3.234914414421045104e-01 3.352788239665526193e-01
2.947688186149282075e-01 8.793252097286388125e-01 7.949211792777262087e-01
1.350796591641700850e-01 8.255809100747605322e-01 1.362317643961336033e-01
1.312324759044295464e-01 4.984590340043923984e-01 3.305794401094286350e-01
2.017136382394205674e-01 2.001960241575440058e-02 7.879479332408645398e-01
9.402602266462559699e-01 6.905590481869005037e-01 1.289775533684605069e-01
7.269142959767779244e-01 6.250780579051360419e-01 5.903788556341234006e-01
7.666896984145590288e-01 6.977728353265920669e-01 3.935518222274498878e-01
3.153454989637836103e-01 2.244431098694477100e-02 2.740686767299779225e-01
5.367142842600891584e-02 3.562956918051007893e-01 4.258308060823924324e-01
8.573423650855478417e-01 4.492543936749159306e-01 5.719654928410796701e-01
2.574692225467478668e-02 6.675476093089393048e-01 1.106028798930849266e-01
4.839746561757791721e-01 7.604923353870781666e-01 3.765444960996228163e-01
1.059035567305088854e-01 8.022527158638439460e-01 2.987498872405972561e-01
1.201099812017576429e-01 8.534414221540276291e-01 8.089738913446493651e-01
4.721580730196984765e-01 3.288196613542393454e-02 8.742836803087183917e-01
4.991494909109246425e-01 3.141871145654774322e-01 8.335624595740194209e-01
9.392363837774765356e-01 1.618123103146288377e-01 5.520447781000289433e-01
7.529941793101257996e-02 1.743647167292963207e-01 4.772727473190306879e-01
2.540773870233845599e-01 6.136734030918153948e-01 3.773264673517809920e-01
9.093297760373929561e-01 8.181578106185525279e-01 8.442673062372322290e-01
4.532606539645864796e-01 1.210392236269186572e-02 7.849186045628256947e-01
5.520610806988581754e-01 2.199317156113510530e-01 5.596383733361942614e-02
9.767669287161369063e-01 5.677723730622743492e-01 5.222883122118676669e-01
5.320860480869678000e-01 3.208313517422156647e-01 9.230056081473392293e-02
2.502718577653124665e-01 5.112356351900285700e-01 9.924215790127305370e-01
2.500293267451023649e-01 8.915869677150032313e-01 1.980845784488420858e-01
5.698827465256695035e-01 7.958001985518895482e-01 7.229359689731860161e-01
9.471638881146461353e-01 2.452965168581316968e-01 6.789556712874671440e-01
6.520996657521366258e-01 4.472070447417964001e-02 1.782851119366671844e-01
2.633788055956978180e-01 5.673675426412672085e-01 8.145051071909883422e-01
7.229752896580743382e-01 7.474714037825629376e-01 2.181617689977313201e-01
6.611817316313250981e-02 2.083320485668672672e-01 2.929619960086277120e-01
2.282744045259373911e-01 7.636731784536285872e-01 2.304169609616678605e-01
5.082745979826366334e-01 3.837582981825388151e-01 8.441685332596757796e-01
2.823270533415455086e-01 4.874639957308740668e-01 1.298711055593293473e-02
8.337288528401672894e-01 9.297341674153822844e-01 6.065832002575760606e-01
5.514524443965573841e-01 8.301093909468172383e-01 7.528486055715349901e-01
5.518758908438405886e-01 9.589936498133453391e-01 2.512243695873648264e-01
9.336746084920239941e-01 3.199974695531238034e-02 8.141307294260698990e-01
9.523772294969956587e-02 5.424807860159946982e-01 2.900504867668602937e-01
3.394169871708241359e-01 2.748404862718343278e-01 8.175484371087610169e-01
3.968750613179264919e-01 6.560860082006932936e-01 9.712106978079061426e-01
6.203503778409616976e-01 9.575526582824445132e-01 6.383314304815007612e-01
1.802157433046360779e-01 4.749246013577577141e-01 8.214917085297110955e-01
1.173418920971192048e-01 8.656370525772554281e-01 9.620878481448296160e-01
5.874992458987331467e-01 7.904753212901701742e-01 5.724350482043361055e-02
6.822919170549101020e-01 4.548843635777740646e-01 9.734131275587903920e-01
7.783748373821538502e-01 9.373348095553333259e-01 1.388369153971191761e-02
9.066001261575582504e-01 9.396541511057349139e-01 2.802203796501046007e-01
6.180819989676091808e-01 8.360377276134954849e-01 7.308902261922232135e-01
5.650718933978865488e-01 9.644310156248806498e-01 4.220329656530698026e-01
9.436675526093357691e-01 2.287973356283572457e-01 1.241801738888296258e-01
4.603188795236690112e-03 1.890868835558414673e-01 3.739061336645701505e-01
2.369164997926945793e-01 7.712473058042683682e-01 7.161696010023124170e-01
7.664179136130857550e-01 7.433610610048900780e-01 2.268048684414322169e-01
3.880901317311913346e-01 5.698349975683255630e-01 9.954316110902208248e-01
6.230384689345651594e-01 9.782311829166296935e-01 6.712467114127678158e-01
4.966383201550076398e-01 2.061118702027963101e-01 7.472974206186158153e-01
6.676318224223629638e-01 5.289591961160652334e-01 6.720438196466627101e-02
6.328839189051671532e-01 2.251870294353355284e-01 1.769706188296147342e-01
5.871472484339579356e-02 2.995152641732125032e-01 2.724447242171423866e-01
4.526599569220727259e-01 5.199052317023559189e-01 5.966854887151922249e-01
6.902277678919964687e-01 7.592265451200364001e-02 5.751487221246499582e-01
1.555174176904390304e-01 7.981532974840569450e-01 1.305436537817139531e-02
