7.484746890087828897e-01 5.022936667298459890e-01 8.593673554925510549e-01
1.841284995014729198e-01 1.984759845568176972e-01 8.709747785399402087e-01
4.654901974378572449e-01 9.083542867156206846e-01 4.182826185556018928e-01
3.656865016330428375e-01 1.671222287420237596e-02 3.035894469642290705e-01
1.016833452740324439e-01 6.453622208520080061e-01 2.095943317693632624e-01
5.857824659691017732e-01 5.611396989170713834e-02 5.618876619561238295e-01
6.415418789331424065e-01 3.693676424962677451e-01 6.826956158029237054e-01
6.856761882495405747e-01 9.635678525281831108e-01 8.269657804943297830e-01
9.819505516671689360e-01 4.217619935976846257e-01 6.848993859698205844e-01
1.262833646301986246e-02 9.253003657269857074e-01 9.067222124813099082e-01
2.609707268301948435e-01 1.350771569470854416e-02 6.243749058575899236e-01
1.058334142493718710e-01 2.579343838637102593e-01 8.874347770031325577e-01
4.995959018458597800e-01 1.070361969427700011e-01 8.906234291743760911e-01
8.003970875355230774e-01 8.721770284224266145e-01 5.473055452105202168e-01
3.974844386186162648e-01 3.811693357272583071e-02 3.079973251709877680e-02
3.491921642163098305e-02 8.669492900281968728e-01 1.063397661699500008e-01
1.224666272555873237e-01 2.167575564990239512e-01 3.017213766741511094e-02
4.476066722797655828e-02 9.441494770856917462e-02 1.459543520654009718e-01
4.003769798318111972e-01 2.529944083879379635e-01 6.979389511418432335e-02
3.873492001964071729e-01 8.277476425877151600e-01 5.935436303709430428e-01
3.208020316995121579e-01 7.014782341399090626e-01 2.948746781838337272e-01
2.519362714555972715e-02 2.298229368731452560e-01 9.374161382751710070e-01
7.853799323327114168e-01 7.196801105812560273e-01 7.616790276180462893e-01
3.754922609909310260e-01 6.743766971592077830e-01 9.228267304957650241e-01
4.687281647357379732e-01 6.664397365460160705e-01 8.558809914431547705e-01
7.243202155783891039e-01 3.197537448055733922e-01 4.423107304982282217e-01
3.208186790217848472e-01 7.230406283164275694e-01 6.582033002780736108e-01
5.959382191411846108e-01 7.980587367650237018e-01 8.951020950684971389e-01
1.403874495736607830e-01 4.617129823189025650e-01 3.891868356169519982e-01
2.613200047157855366e-01 2.492890557935605322e-01 6.796873678208420477e-01
4.735935194869287379e-01 3.743281630503410007e-01 9.705884580667045736e-02
1.167560502862950989e-01 1.338849904991683548e-01 3.657976583760897960e-01
7.425865010851250281e-01 4.554579567888662472e-01 4.700039734244287892e-01
5.190392728063794037e-01 9.758864692597281065e-01 7.224479511654137154e-01
9.936848792635748495e-01 6.813812909887978497e-01 9.335767658214134679e-01
9.156206544544415182e-01 4.286165738100966571e-02 5.400321271373731413e-01
9.386898244221925092e-01 9.291518991929688109e-01 5.285227769427024436e-01
9.310750838548992325e-01 6.314485302505005171e-01 9.882082858843157513e-01
1.780596859140438637e-01 4.979600413675636661e-01 6.064101796331087257e-01
4.757135474524216701e-01 5.994226322405427076e-02 4.200953695268943022e-01
9.650968192685935865e-01 8.997781286758348429e-01 2.575070736330972165e-01
1.614839000720355022e-01 5.640580759534478128e-01 6.876698194540586950e-01
2.690071888578021708e-01 9.614297166980518838e-01 4.271844384686346308e-01
1.644536800341055427e-01 4.212178019838559440e-01 4.199367511706986189e-02
6.777178120600578781e-01 5.435141302671644414e-01 8.684336545401390994e-01
5.755865101243656801e-01 2.837741382634717535e-02 5.167468794435207124e-01
4.382197673752038503e-01 2.401189493858891799e-01 4.309222465152739989e-02
5.479741737207888264e-03 6.245126896847569276e-01 2.363694536106176747e-01
4.498380626801942173e-01 2.951843585245905732e-02 4.292198161336996387e-01
9.259798703401056486e-01 6.906082483841159414e-01 2.868358114115601154e-01
6.419246956262026904e-01 4.986013265121428395e-01 7.093733236977696199e-01
5.740252701320007755e-01 4.228233922066425565e-01 6.475696146679734699e-01
2.248033032201307568e-01 4.071753731203963111e-01 4.868445992605716643e-01
5.456054874581689473e-01 9.034763719754698164e-01 9.031007150709986497e-01
2.338357833407899156e-01 1.686036863203088654e-01 8.998822620531174987e-01
2.778167192831295651e-01 6.960583576003539497e-01 8.869121715297298980e-01
2.649020869511575782e-03 7.032136894420294437e-01 9.151328039021294769e-01
5.384665964942797478e-01 3.212056916527938899e-01 7.385479908128478321e-01
9.171775444018009926e-01 3.482139662284178261e-02 9.352683620156110322e-01
2.730173881413868742e-01 8.865681343452412877e-01 9.699523648321970448e-01
2.835523567070166173e-01 1.281419957058445025e-01 1.470165849936206914e-01
4.017639832858133087e-02 4.735843434560510490e-01 1.859526897186644101e-01
6.755325617677012673e-01 7.665293498329186495e-01 9.039468604978355692e-01
7.130136310000471100e-01 8.809289625768853549e-01 1.730249717498770767e-01
7.786029528054450033e-02 8.026622780508241295e-02 4.424159591740903785e-01
4.560157000290319118e-01 7.542179732530903680e-01 8.859103715347826924e-02
9.910941167532664187e-01 3.849893424896322358e-02 7.373592747086467059e-01
4.647740944569076493e-01 8.973733469209093094e-01 7.083666598284867888e-01
9.513596896283041948e-01 9.692053202382572286e-01 9.522910901939288797e-01
1.564123687480617475e-01 1.402945095145072818e-01 3.568600269723901652e-01
7.528092008652558231e-01 5.851771752994452402e-01 3.032675181134960596e-01
4.575328734258556906e-01 8.791696274433629110e-01 4.146072318406014423e-01
9.336133861994906358e-01 4.923863760063758033e-01 9.601458671881468732e-02
7.634089002517919775e-01 1.679906757593021549e-01 5.411338434667355424e-01
8.782923310089115754e-01 7.472688446232159665e-01 9.725353427406335793e-02
5.575620041446094355e-01 3.922271808833889262e-01 4.009750573914135918e-01
4.438915069075705100e-01 6.332780044266219655e-01 6.292685035237165492e-01
8.798889423667154430e-01 8.246517258614820545e-01 8.163392189918313724e-01
9.517835837616780426e-01 9.333579627927789391e-01 1.239925701312064588e-01
3.445667634782517696e-01 9.094196868761610375e-01 5.945399213536789462e-01
6.979494616089078063e-01 8.414977916850233663e-01 9.542581922881158141e-01
1.959162430914029862e-01 1.985338160456426859e-01 7.493532760298952100e-01
7.183857642452176062e-01 8.885421876065964231e-01 2.349870712333196332e-01
4.368550522708698480e-01 3.137945144875023962e-01 1.868242344446535697e-01
6.190528644151361837e-01 9.953565266188649785e-01 7.710101544961982523e-01
4.055421379542077931e-01 5.964112094677671561e-01 1.356155464614117179e-02
6.567001036993500573e-01 7.023263765328037200e-01 9.192523568456821836e-01
1.735391610409069418e-01 5.285761012504206491e-01 2.921720842771277082e-01
5.493584133942036596e-01 9.967103774084593582e-01 2.071392940352049239e-01
9.516269832348016600e-01 9.767467257077877552e-01 5.053837253562230014e-01
8.725692112181503424e-01 3.518816455280112665e-01 5.525436106398884384e-03
9.991014726865243833e-02 7.774163709921046994e-01 8.649095737162225683e-01
5.519154826420230586e-01 1.311438885065530080e-01 4.031606636708807700e-01
2.857426995719005713e-01 9.972590894739898904e-01 7.571690134661135385e-02
5.459569250098239568e-02 3.333557507444356860e-01 9.570258328849842178e-01
2.799290693679499231e-01 4.241239247567596404e-02 5.979483331337406282e-01
7.845133233851903087e-01 6.020996306800596720e-02 7.604585301717347035e-01
3.976706251061117303e-01 7.989450273195862762e-01 4.830301337734931311e-01
9.478141480165858113e-01 5.245239946745493542e-01 1.344317620297229565e-01
9.783881102312180778e-01 8.874412262097159942e-01 3.158475760835453006e-01
5.433473472999319487e-01 3.987287105481795990e-01 1.532414433065777404e-01
9.501907269578698800e-01 8.870407597203728844e-01 8.870515319210319216e-01
4.704371932280337898e-02 2.254976693563373047e-01 8.649748248726039090e-01
7.521871252760535809e-01 7.025743255756980998e-01 7.838148519800517411e-01
8.879722507999220360e-01 3.271618338014532501e-01 6.864005936599304469e-02
5.511206209389543087e-01 2.563146074665548779e-01 7.526802854710541446e-01
4.497014089036949214e-01 9.884903233532480460e-01 8.827613261433199243e-01
1.330702329688100427e-01 2.643618706697642429e-01 5.657353618717730903e-01
1.755434975594772906e-01 9.290505644242824657e-01 5.259097906260454813e-01
3.688968840805648686e-01 2.477683242530165364e-01 2.276814899778212276e-02
1.007313045616828884e-01 2.150787983626017974e-01 6.611089839425342563e-01
6.010204035589449267e-01 7.111704498631575833e-01 5.082321692674841573e-01
7.861618435835849850e-01 6.651822363032897645e-01 8.821049117531939432e-01
1.342409641102186857e-01 9.655134326683447732e-01 1.645612045199843498e-01
8.189855059408746030e-02 7.842545461096809278e-01 7.110343544806523308e-01
5.015533319127918332e-02 5.412543114682603074e-01 8.262741067600143374e-02
1.883007700531073025e-01 2.463485373144220780e-01 5.488942654130117837e-01
5.113336765054204980e-01 1.677412925331540627e-01 2.096016565185465641e-02
5.151573787603086485e-01 8.933138605478406769e-01 6.118920959662593750e-01
1.776544033756350949e-01 7.744418601990538109e-01 9.720361785543882860e-01
9.555263092240113831e-01 4.880899609952374929e-01 9.075467499879358302e-01
5.747328650408817241e-01 8.369804462725169980e-01 9.967765542079010110e-01
3.302856591262873787e-01 9.317139258451241357e-01 6.255080944361822715e-01
1.089150365039545099e-01 7.152211814774552812e-01 5.581733077869663884e-01
7.993563766891795819e-01 3.279338786809059547e-01 1.684255799998680692e-01
4.580184683198156304e-01 4.985794200894876349e-01 6.398349834908335643e-01
8.450599283895335878e-01 5.499407895471470908e-01 5.265258367848935084e-01
3.786494160336875137e-01 1.667237139891046827e-01 4.668121448914668292e-01
4.670886558757639806e-01 8.913833689439707442e-01 5.052501784254098682e-01
6.516300689845797578e-01 9.011702941890059604e-01 8.873196471142996700e-01
7.458786049904031490e-02 4.852601558236968593e-01 5.375243419294053471e-01
5.203636691059509989e-01 1.344257986400517746e-01 7.462766571774304136e-01
3.688375650689331708e-01 1.292181451719687235e-01 8.308297380074640692e-01
6.614949398243010759e-01 4.621440589590847248e-01 5.928078220445784918e-01
1.768889941113895858e-01 7.276438982649683362e-01 8.804936970443190125e-01
5.344296704581447122e-01 6.193882419498781822e-01 8.508278943948464068e-01
1.118986836818319786e-01 7.097091245915233548e-01 3.617349709340231811e-01
3.504254017140832067e-01 2.144085807269540123e-01 1.068125708016117725e-01
4.695998319081449157e-01 3.584501893951411722e-01 8.266643539455998946e-01
4.675513831783895125e-02 8.800128341017283695e-01 8.573888257868040874e-01
6.356847204563331744e-01 7.668523467664505322e-01 6.771570907819987051e-01
9.617348727818234577e-01 2.505107725508636252e-01 3.645214155184898219e-01
5.149817916120665862e-01 3.427227729097739317e-01 8.780311392421006333e-01
2.805797531429642389e-01 6.653748852619252308e-01 8.990186804484312511e-01
1.536556617108842948e-01 5.039027704790577378e-01 1.968816528229120344e-01
4.550270872732713467e-01 6.534008835601787801e-01 6.598000170489939364e-01
2.735734507341609500e-01 6.541808789379532918e-02 2.462639450533308239e-01
2.909613635057505254e-01 5.328547460957402393e-01 6.383345899263830336e-01
7.374359802453217538e-01 1.481286812085080840e-02 1.755069103567327149e-01
4.132749543534863790e-01 9.889657989128286530e-02 4.289396092933893678e-01
2.016595696098544277e-01 4.165892080562816346e-02 4.777262183285074792e-01
5.331268148347151348e-01 1.639895499485012342e-01 9.928727503053123016e-01
7.424511355860241579e-01 3.654126776401660504e-01 8.118191496849035405e-01
9.974633907903296404e-02 7.760443640154151002e-01 9.746125229726292361e-01
3.008540296922358470e-01 8.587640316886990810e-02 7.000580660116889620e-01
3.019768994841091070e-01 4.449338796723589784e-02 7.952205061441824929e-01
5.578875542658789932e-01 9.358604305526873057e-01 3.768732097934227587e-01
3.868421528696510681e-01 2.131703486162150885e-02 5.007945448790354082e-01
9.756865484792358600e-01 2.515665284641270816e-01 4.688982054266337407e-01
2.925023593290355661e-01 9.227292943873552922e-01 2.070574560029599942e-01
6.943394407825360659e-01 3.835953574932104981e-02 8.075625792303862127e-01
1.031507450084367949e-02 5.358582730695140572e-01 9.468931706660415060e-01
2.495867123519174280e-01 9.902555075153776087e-01 4.949665905475447714e-01
6.133787750432487806e-01 7.321347994151561345e-01 3.937977795629621358e-01
6.163549106402232969e-02 1.854791307987576632e-01 7.081929419286702165e-01
6.928346312037303445e-01 4.401182537994916544e-01 9.155029273573459525e-01
6.442839021691189050e-01 5.653268035300238470e-01 5.588797428454064242e-01
1.378794832880902987e-01 8.632966354854487712e-01 8.509106804580502947e-01
8.655894002911346252e-02 4.305748443635878386e-01 1.198800002976890822e-01
5.488887217230671300e-01 5.646065194068288218e-01 2.665958474215770480e-01
3.656339935343917436e-01 9.237465184006049546e-01 9.247309585483663996e-01
6.564560831429452348e-01 1.156415731475067821e-01 1.419049386672571744e-01
6.184916067403980477e-01 7.377127248662613823e-01 9.992842792174869704e-01
9.783845430019245670e-01 5.369192831764337814e-01 7.300874208745665728e-01
8.820913082283529105e-01 3.991608146481295805e-01 3.101088993494394153e-01
2.544780451772088448e-02 8.160530434126129773e-01 2.187464536621180899e-01
2.423643304355836969e-01 4.384085233288101957e-01 1.557640675537792507e-01
4.114747014778467049e-01 8.070248019479037138e-01 9.062636505007120036e-01
3.119597324810519101e-02 9.275580029026684326e-01 7.976693069315494711e-01
7.100010922824002702e-01 8.958176976659115720e-01 4.800976388175204335e-02
3.949258392538430584e-01 9.066667429810980616e-01 6.478177001059652884e-01
1.418507299798393850e-01 7.842612099186974106e-02 6.707850681159465145e-01
9.371829209806943339e-01 6.294166509173224622e-01 6.277177273331058238e-02
4.216015332337164079e-01 9.321471701454774328e-01 9.948490781933672089e-02
1.978017594346626051e-01 8.735838284214701988e-01 5.332726007820807190e-01
9.197790360298433443e-01 3.587205586147612646e-01 2.670811047103138769e-02
5.653408134665460771e-02 6.257512908154527764e-01 9.625253190635562062e-01
8.497844392361675325e-01 9.845719522950324709e-02 1.519467501983796653e-01
3.587282579935702209e-01 1.930329590732925427e-01 1.639299534800419123e-01
1.192921158236004420e-01 7.703885060836190846e-02 2.704965279132736100e-01
8.471356715589427600e-01 7.203119813358420664e-01 9.888809118578268942e-01
1.026300407481188781e-01 2.002505171317401356e-01 9.906409425324439466e-01
9.381153465473959230e-01 3.639217223974522408e-02 6.657471481090639909e-01
8.035619503858898449e-01 2.433208390760610573e-01 1.589926310102203200e-01
1.434388479567506591e-01 4.829621692776526753e-01 1.321375152818112797e-01
8.214290183062897821e-01 1.185958551536661076e-01 5.579990430393827472e-01
6.869362665853168126e-01 4.202090984964136355e-01 6.921780379302321373e-01
5.197444408029266993e-01 1.049987793077740150e-01 4.116891480772477685e-01
9.282491960629475347e-01 5.846822886489370097e-01 8.512711267999291120e-01
3.342597656122007210e-01 3.334000221855387691e-01 7.813348547642475772e-01
6.675360573947852760e-01 1.447063871892362297e-01 2.960517489248415401e-01
4.774325830401059401e-01 1.066190578098722419e-01 2.334760863434801603e-01
3.568094727780029007e-01 8.712382356214868340e-01 4.444339470801806913e-01
2.137761868946844723e-01 5.078396877066202464e-01 7.262838101745775488e-01
9.220842057452749430e-01 7.420882968992384976e-01 4.498577777939569700e-01
2.196191602827752831e-01 4.577663816095317584e-01 6.031808709218555720e-02
6.501644917588659256e-01 4.322421535980384144e-01 9.097358158970960673e-01
2.776998638633436656e-01 4.482645565927989573e-02 9.891175453914238247e-01
4.712021391595627717e-01 1.792635438231795497e-01 2.207805219513189199e-01
2.907420961724047626e-01 6.179277707347518023e-01 7.042722424499616718e-01
6.238049071405930013e-01 8.835737909257672662e-01 1.194335070523611098e-02
9.434188400948542164e-01 1.950744360802835198e-01 5.494488626836052658e-01
2.552277934508285773e-01 5.464962109709612381e-01 2.086765737599279857e-01
1.009962280414431479e-01 9.058964195368529593e-01 6.685420979551290888e-01
1.260377197094542101e-02 1.602794546444441526e-02 8.332372866176784854e-02
3.378206960909706513e-01 1.747841064549491286e-01 5.443868230350723536e-01
9.801306449357793937e-02 7.142957824209004158e-01 6.779128543518216921e-01
3.023872217977994215e-01 1.908901231938414655e-01 4.112447200996454111e-01
1.957810133092916516e-01 3.433507285303620815e-01 9.777164286692405781e-01
2.062465674346992683e-01 4.588098547916238390e-01 4.631236232745760129e-01
1.369896316992420537e-01 5.856983317617164841e-01 4.485552684769876786e-01
4.359059408555864268e-01 7.159437456450168380e-02 4.873855155459915212e-01
9.570090454370675515e-01 7.257513027079868229e-01 4.052923573976084937e-01
7.713578061441750400e-01 6.299541922740902189e-01 6.991683215274510088e-01
3.654562393997942138e-01 7.237150112488222042e-01 1.103653323114888174e-01
3.424515353911703475e-01 2.707220184905712035e-02 3.036447777054130936e-01
2.727126882198379620e-01 3.071710889553119772e-01 8.236383727532571308e-01
6.248643972631867660e-01 7.723870682871195603e-01 9.305121804309453015e-01
6.968002695220362197e-01 4.439504586019423771e-01 3.864933312838518820e-01
2.717900647400798286e-01 1.323270412214953007e-01 3.629365765045059478e-01
9.973486885808754421e-01 8.032847878293133403e-01 9.713908296794004915e-02
4.472894658928439071e-01 4.657248754593165119e-01 8.473518822960411923e-01
1.269312781733675788e-01 2.644353370680252446e-01 9.511098047836508140e-01
2.151046695013978383e-01 9.669281254808896886e-01 3.565595720232339616e-01
7.453082000092046133e-01 3.137051947513003203e-01 1.360728393485320931e-01
8.123934709127590414e-01 5.192127421687475763e-02 6.547125689431034790e-01
2.265973668561027665e-01 3.884917929626366950e-01 8.895376286153655609e-02
8.577286590585053716e-01 1.032425710770944471e-01 3.066167877499897942e-01
9.708481339989680770e-01 9.034563373728693447e-01 5.033322056564859537e-02
1.339928278603289558e-01 5.124311575452283885e-01 1.465350118478229158e-01
3.174548477634875354e-02 7.476636654050573538e-01 8.731923719510259474e-02
7.694183029763455028e-01 4.413119259803499617e-01 4.682255770177498055e-01
7.564174920034041349e-01 8.417223220825602592e-01 3.384118062859708953e-02
4.480376280174865888e-01 1.344883014879285632e-01 8.137774142560995072e-01
5.406214854250119828e-01 3.670182385532354541e-01 1.576141557382495506e-01
9.008665390542203166e-01 2.173068313772040794e-01 3.266326800568689626e-01
3.295787717368661163e-01 8.426199769328124312e-03 7.608425181812427107e-01
6.600624919734332519e-01 1.718354779225628182e-01 5.593236498351717989e-01
2.811109304327237268e-01 2.025658405591823641e-02 6.467691922939207139e-01
2.506287420635826546e-01 9.739627438170499474e-01 7.876866056595458465e-01
9.845853514398036355e-01 7.637186270532486665e-01 6.477615336741174845e-01
2.001543312469507008e-01 4.671558891366314192e-01 2.569497603041993594e-01
9.657144121327020381e-01 5.971180732416696557e-01 4.363726654856672216e-01
1.899902614472571694e-01 1.317695596609472775e-01 8.641373889511981821e-01
8.275324032248361217e-01 7.343490849816305399e-01 5.613744853120796741e-01
9.883701591969080713e-01 2.231321532490596615e-01 7.454584845104220703e-01
6.460149626387777788e-01 4.471973879263824170e-02 9.321199698104728482e-01
9.609742891282019306e-01 3.060058493934164625e-01 5.739276193392818248e-01
9.672841495665744915e-01 7.047308112365098243e-01 6.258339682699149975e-01
8.414107644272650344e-01 3.017590421514551036e-01 5.051609321254859619e-01
4.734341122726586359e-01 5.732493758492590574e-01 4.174608932238992320e-01
2.029231606266435062e-01 7.826666407105976608e-01 5.329185281492028192e-01
7.820481957595257771e-01 5.111346382470621785e-01 8.003356104277377092e-01
3.687862039923237578e-01 5.716583170906791578e-01 9.174163386124313257e-01
5.158890723832666447e-01 9.972417256150233333e-01 9.617940500624810873e-01
4.461232366025233986e-01 9.615701962907539091e-01 8.285781508202050283e-01
8.481946820256213160e-01 3.389897033362364587e-01 7.295396975477274060e-01
5.779646543754682897e-01 4.835124148862360860e-01 5.834993717788927725e-02
4.189616562736007133e-01 9.730203782853518168e-01 1.914496230987710046e-01
6.436046692205171782e-01 2.370052017631862906e-01 5.640481107229530222e-01
1.124566749667655907e-01 4.101280637169368859e-02 7.104178059295720438e-01
8.236515334866085780e-01 9.313917169449437150e-02 9.000086060490878337e-01
9.484439361518552936e-01 1.578419035901457157e-02 6.511680899040395154e-01
2.961296027557225319e-01 1.109319055083710648e-01 6.693799308562864425e-01
2.701423521664446659e-01 6.565337469172520812e-01 7.676335550719038947e-01
8.455207208140513853e-02 3.938814587427630354e-02 8.572715608978753732e-01
6.361726892851631288e-01 3.243719762455857802e-01 4.840579635624394639e-01
8.272175214980651559e-01 3.137986531008329916e-02 7.052186776700406501e-01
8.137811308649460784e-01 4.783295837546667206e-01 9.517598462964209638e-01
5.673532684519813074e-01 4.592271821925373310e-01 1.275260468702189565e-01
5.342490707867231237e-02 9.663293356338775730e-01 7.415152564547952130e-01
4.410497555244777823e-01 9.306383257119639207e-01 8.332113042511041234e-01
6.343043957746934414e-01 3.540744955779343561e-01 6.660231167987322731e-01
1.927867196364462243e-01 2.762332449681919044e-01 5.235590870770576721e-01
9.278145228218681595e-03 1.047706225723236129e-01 7.109548891681077842e-01
4.934712794328928176e-01 8.966235310801693448e-01 8.215784107875119258e-01
7.927437735403796149e-01 1.200256436823109452e-01 6.203697025143429800e-01
9.330927007756271152e-01 4.332373027166872559e-01 7.870106686111307814e-01
8.277607728393565623e-02 9.112034264836084141e-01 5.938743669801882508e-01
4.427897732628028882e-01 4.310582915241290003e-01 5.167689111470064045e-01
3.065694485750488640e-01 2.604544191692486077e-01 8.626775658237704203e-01
3.844302131632100217e-01 8.560003668112623476e-01 7.096608068604152164e-01
7.767625365002706062e-02 1.792716490482804126e-01 8.601831223242960567e-01
8.711321589464583459e-01 1.945991294987223785e-01 3.055062149401061022e-01
9.437566348972794561e-01 8.366640114601974210e-01 5.008073138205149100e-01
5.988710664060230560e-01 2.663291982556201809e-01 7.811059834973026472e-01
9.873014678294238511e-01 9.891842410753547421e-01 7.833557589811016575e-01
1.599482359984807367e-01 1.365844688562511955e-01 8.483608325714684373e-01
6.798245217592994161e-01 1.229804177896808293e-01 9.924179193905433571e-01
8.892378622489618412e-01 3.746742768922320943e-01 7.020296828676899636e-01
2.743768576966332251e-02 4.660340015476264197e-01 4.503973670706098442e-01
7.216888253558361166e-01 7.725807642446259615e-01 3.962795322265424414e-01
6.420568151201896390e-01 9.807863132233303194e-01 7.609837839737053633e-01
4.908941169694670537e-01 1.896577889942900885e-01 9.949369794985030158e-01
7.090588175437061436e-01 1.187616909592453807e-01 3.455542329160962156e-01
7.986397631798533014e-01 3.499997926290148165e-01 8.620459244508125174e-01
2.358996553302792343e-01 3.669331875614715299e-01 6.772733228278456918e-01
4.222096672867132749e-01 6.540692661550938647e-01 7.447357323132103302e-01
6.014199086762994639e-01 5.128718925482586011e-01 3.775932999752219521e-01
7.703150631714661412e-01 3.015611395245010318e-01 7.517511078639498301e-01
1.367019144021386357e-01 4.293987721865469842e-01 8.214584358827384802e-01
7.436897593580782395e-02 5.957079265811138225e-02 3.750091172131858608e-01
1.193553798843287606e-01 8.185086178631540976e-01 8.754676453938847747e-02
3.303599967889528921e-01 2.549403171402608859e-02 9.887652761021671344e-01
5.163661179272829305e-01 1.930482504091728391e-01 5.667046588066702029e-01
9.174001023796941601e-01 1.279461596757383024e-01 1.364310239799524371e-01
4.819898435463843001e-02 5.222919656527469368e-01 5.189031493707751963e-02
2.836187721348407687e-01 1.158242280926056189e-01 5.974762185243767121e-01
6.973780953175053865e-01 3.709263613216173816e-01 7.694124020856085711e-01
1.572612019427462871e-01 6.120238349025813873e-01 5.692040859793608965e-01
7.117478530136358561e-01 5.524047864514509687e-01 4.799713926191548907e-01
8.044383535361687709e-01 9.143487867514565881e-02 9.902407596958548996e-01
6.205505664809138899e-01 7.433096744526465072e-01 2.774478285602410832e-01
7.521005523630970302e-01 5.134358680210665549e-01 1.304726542613615647e-01
4.245017644210570262e-01 1.438537913525200773e-01 6.111446869348825528e-01
7.782861455328319300e-01 5.882021585523919960e-01 9.801995549698124810e-01
5.073066168570501411e-01 1.690940160725182828e-01 4.767420510246456189e-02
2.263013503955997319e-01 4.111808676552801689e-01 9.739160240285826831e-01
2.486513373322701836e-01 9.284288353618161960e-01 2.778833711323305256e-01
2.796656046461318823e-01 5.744735595816217177e-01 7.092478882252334360e-01
3.591083411231467126e-01 5.121064038529420381e-01 9.172207576182677125e-01
9.820275051229268026e-01 9.798643170264742519e-02 9.414375651484885310e-01
8.200295341805282634e-01 9.946681075293376528e-01 5.662658269712982362e-01
2.267276116402225927e-01 7.886494590593188247e-01 9.093874012879000768e-01
4.837530816784669785e-01 2.355815489609695002e-01 2.207767031104415079e-01
1.368649809680190232e-01 4.086750461219779140e-02 1.804972807658289380e-02
8.875476756287913327e-01 5.684603747963870024e-01 7.224385313650515394e-01
9.107018752310547249e-01 5.744137441014879331e-01 7.947579203554576699e-01
4.571770536116588346e-01 7.285808585943007731e-01 2.447415335530596092e-01
7.358031700012988008e-01 7.556941494507781742e-01 3.003272367787822583e-01
6.155736602864837481e-01 6.143033827576690475e-01 6.997523203383703150e-01
7.612308208598439485e-02 1.159248530509853214e-01 2.159588363017768131e-01
2.281788519692559136e-01 9.895033578431347010e-01 7.078271369268669400e-01
7.813153209295004009e-01 3.790764118615981282e-01 7.843243331179924338e-01
1.026976731420203848e-01 7.119991998968744351e-01 3.268384919582100201e-01
1.240214861424423498e-01 3.021052652965113827e-01 5.929781548805233005e-01
5.355981619596981158e-01 7.639807114146578426e-01 5.712101259960896682e-01
8.476096883120354253e-01 1.190214869828213340e-01 2.801380060519029769e-01
1.052954340167389091e-01 1.289601018457514625e-01 8.108834735570392693e-01
9.022937454072079699e-01 6.692646650459481705e-01 8.113489237419080347e-01
8.937708702254529847e-01 6.847354241574029610e-01 7.972463895566815895e-01
3.496684905095724938e-01 4.064495724810984756e-01 9.066025517510608589e-01
1.077373901296471148e-01 3.646781266126577492e-01 1.162238183873273156e-01
2.138687045913334472e-01 7.237397086590539041e-01 8.962979292091501904e-01
2.415286450301907806e-01 2.941204812681523784e-01 2.258245101157245749e-01
3.108313919209739762e-01 7.857670277135390124e-01 1.963040468614377643e-01
3.734016706823095610e-01 3.915829381113922203e-02 6.556713175924155923e-01
8.011935186385078511e-01 5.741562161077335968e-01 2.342704624104019473e-02
1.981237204745214253e-01 8.852486053692798507e-02 6.656799114104727799e-01
1.776844115649934830e-01 2.920097940000521142e-02 6.513045869098195162e-01
8.239658415643518197e-01 6.979054182220383318e-01 5.060177592155811199e-01
5.640255406600389598e-01 4.158257615892200221e-01 7.008246919066312142e-01
9.095250756195127906e-02 6.720969489751844606e-01 1.329746039355309550e-01
6.572753146700580640e-01 7.929340181367032780e-01 1.302829358609913779e-01
3.945759227852573270e-01 1.810858307200415851e-01 8.815549589178341972e-01
6.877080065032933343e-01 1.121645878294692533e-01 7.311985805739337207e-01
3.219122072043207883e-01 5.882805988045717305e-01 6.925113302731367160e-01
6.905355861319888433e-01 5.003160508844531895e-01 6.065117873018266437e-02
6.420057186085011969e-01 1.126719747787450210e-01 1.350956179202027485e-01
1.695242382209565246e-01 1.956259489903297011e-01 2.962052822899261528e-01
4.797437270603222004e-03 8.761785521826154222e-01 6.913387092038248971e-01
2.167430994274719414e-01 2.395341256067680114e-01 2.789451031671273951e-01
6.263748913682408714e-01 7.449084405752877114e-01 4.962180179820373516e-01
5.791269059842920619e-01 2.489713481349615787e-01 9.797981866536771278e-01
4.527164487403934068e-02 5.363454787584609473e-01 8.274553375280166989e-01
1.337452078437874059e-01 8.556162615563616125e-01 9.335891245566287910e-01
1.557517096929400546e-01 6.959043519039868064e-01 1.304015750225573367e-02
7.021538014128512195e-01 3.362299245057632779e-01 5.402184650224248763e-01
6.159118670954566443e-01 3.289295691986279246e-01 7.429526843521838675e-01
6.382743236418252364e-01 5.165757505755023127e-01 6.691932324726967973e-02
7.717968999495228299e-02 9.956408657727516820e-01 1.537036858707618858e-01
1.745969838902332594e-01 3.622887697153479580e-01 5.802033640178339002e-01
2.018489777141780905e-01 9.495817596056338461e-01 1.074190277693040096e-01
2.477121983912559111e-01 9.454225936704738764e-01 4.486219803244085869e-01
7.019490261201959402e-01 1.512737744560674891e-01 3.254080256051449238e-01
1.295931210567546898e-01 4.930574301722325803e-01 4.062293408408146345e-01
1.417018389786360855e-01 4.065165506913869242e-01 2.440644131837421682e-03
7.363262574470821331e-01 2.425768314717156038e-01 4.988130570672744124e-01
6.936914158520192109e-01 8.811646594921195286e-01 4.719416409951305846e-01
4.735522107633911570e-01 2.093371289783618749e-02 7.516068524539010198e-01
3.034298967733363162e-01 8.925007733174853408e-01 8.875801609318059171e-01
5.361777424067813991e-01 1.402713624798479497e-01 9.177128863071627451e-01
5.862794066977150553e-01 3.251692493254757510e-01 7.207794184323980113e-01
8.501183162684778916e-01 7.598411878835278355e-01 7.382518113490763589e-01
6.154432536055616243e-01 8.481276067341116942e-01 1.177842202491961032e-01
8.674127504631049534e-01 4.729923417343147030e-01 8.022562257923311346e-01
3.714391787917915577e-01 1.714438595163406687e-01 6.670508235534516883e-01
3.735623304606183748e-02 6.763060969757590524e-01 7.784122642561405181e-01
4.778162592629437988e-01 8.740615576746176840e-01 9.658243315687119468e-01
6.431948331265687768e-01 1.094597581605148973e-01 4.650678342152011480e-01
1.774809394839690357e-01 3.308996309762373134e-01 5.362146627146783251e-01
4.281977950646883579e-01 6.659161158661494051e-01 2.652690257227749981e-01
1.019625841361561092e-01 3.216708386863543767e-01 5.727325221966251823e-01
3.438854441148281316e-01 6.159990891227945520e-01 3.266614384609569655e-01
8.188995671542126376e-01 2.202786594565040446e-01 9.568022124834657527e-01
5.799139324962850894e-01 5.197504987407229882e-01 7.544480628320696658e-01
7.650768060099085721e-01 9.637949581875703275e-01 7.882227628162050692e-01
7.583830916026176316e-01 6.868851563722703224e-01 3.215396479196873658e-01
3.616129407597300505e-01 3.274569716308640688e-01 5.859832159860909329e-01
9.737478085207651457e-02 8.950704478860211921e-01 7.357697802225348083e-01
7.315546706431930168e-02 1.141703252355276144e-01 3.128748089974505708e-01
9.286693774464820361e-01 9.856896355908204566e-01 3.770647838090378512e-01
4.284123524648760784e-01 2.848697400886540665e-01 4.400916866907210734e-01
9.126481462663680322e-01 2.595778054851360928e-02 6.332552720613471298e-02
9.373171143741129141e-01 9.729958412120485178e-01 8.979884685688046542e-01
4.840163214782152723e-01 2.377565288261735965e-01 9.737217424505451024e-02
2.048157162185010316e-01 7.567699762662392082e-01 5.381766699829357847e-01
9.514596665249503982e-01 7.527539792116880735e-01 3.925447201859962876e-01
1.288376822174797098e-01 8.430302060554392130e-01 5.737411019562455028e-01
2.083281135302803566e-01 3.731801795361966434e-01 5.040761121282044677e-02
4.513121215032325217e-01 9.142031094812103076e-01 4.217488282358970997e-01
2.258182307239254838e-01 4.341387330884391993e-01 8.665537498423465657e-01
8.308622157234768490e-01 3.463186995468912066e-01 1.567057792946949801e-01
3.117536893282027988e-01 9.917776108367626353e-02 5.060623667585475438e-01
1.351285797909350661e-01 2.098058356617878983e-01 3.186931526618509425e-01
1.888404440156546960e-01 1.758939932230875192e-01 4.666783795967766046e-01
8.802589721319126204e-01 3.565001658945369245e-01 2.381497065589172069e-01
9.954572018218038609e-01 4.986523664031694558e-02 6.065894910427993558e-01
1.499791665747454150e-01 9.561049246832616921e-01 4.476961144792400704e-01
7.471199248290850692e-01 7.971313652992164656e-01 4.357824811706909607e-01
7.855909828985643273e-01 5.688781451331714756e-02 1.117449259774093706e-01
7.327604118221877627e-01 5.234171180212611185e-01 9.867830138639075432e-01
9.706183212753063394e-01 2.655428645699251522e-01 1.906031685487616922e-01
2.990085262418549217e-01 7.306751086472160761e-01 4.574694093896638503e-01
8.775713413850141364e-01 4.446050034825129726e-01 7.484439552480968150e-01
9.730806631409072427e-02 1.191142504407483038e-01 7.253010108190218741e-01
2.257758030800544047e-01 8.082256648782620845e-01 4.132844688536174704e-02
1.942753104680338128e-01 3.888450918948828106e-01 6.221514637019964766e-01
6.031163750080674735e-01 7.075568862759353816e-01 2.331719115479786719e-01
8.045940547466756687e-02 3.017993813130369629e-01 4.699213489123261756e-01
7.817308535197085018e-01 9.712320308919800693e-01 3.673137166754162353e-01
1.449076842652241570e-02 9.790927155548745375e-01 3.914405630501690547e-01
9.534475496198235867e-02 4.175329304616439696e-01 4.724941875048482842e-02
6.646740156308247327e-01 1.629845311544072528e-01 6.838939686640980176e-01
4.534391724675282953e-01 5.333927879977131692e-01 1.847569921961083050e-01
8.476860529355512153e-01 6.931140470135837006e-01 3.384761204362081166e-01
7.204378354165573706e-01 1.055918353950557886e-01 5.505645282636272286e-01
7.323314401530569562e-01 9.258003850410353452e-01 4.432067675436319742e-01
9.003712675861336168e-01 2.668538720747437587e-01 9.169826238264298102e-01
8.091176739425925968e-01 3.391932602890401771e-01 1.111154279744734907e-01
6.297793790535752834e-01 7.398592868718015803e-01 5.428032048251779651e-01
1.785762385094488147e-01 8.550920111015314351e-02 9.170021780541290912e-01
3.708733472572960377e-01 8.346082239475713926e-01 2.872314345952629022e-01
4.546922169124085755e-01 4.413213372095706744e-01 9.260044177206377958e-01
1.384696224430715938e-01 1.251625012283283933e-01 5.897346734082385966e-01
5.574226825817454323e-01 1.179730158347924718e-02 5.153557149933787329e-01
4.209074170792334035e-01 2.604777081999917199e-01 3.175653321316261879e-01
9.121271408113691415e-01 1.486645367129503237e-01 8.989030326142479765e-01
3.811637608073927819e-01 6.128744087726856193e-01 5.249199234174625195e-01
2.462839881827740829e-01 5.139711615111742793e-01 5.563113002416963937e-03
3.595893496706115133e-01 9.003451152703983995e-01 8.949964763282736158e-01
3.090888681251374726e-01 1.704372257831576754e-02 6.024014700933441047e-01
7.664163624431683530e-01 2.240641903431184190e-02 4.810478438949445934e-01
1.627330133684857794e-01 9.675948082664415084e-01 3.242592959577366152e-01
2.629517054053996938e-01 9.359646214328909419e-02 3.014209659409664566e-01
6.030468096730818850e-01 4.691550457586425305e-01 3.592819531890303342e-01
8.967196362505240881e-01 4.789375530593629193e-01 3.663863426557248948e-01
1.276060378489247693e-01 2.727440506965432832e-01 6.019107185314631625e-01
7.043830878746513147e-01 3.606022342382594337e-01 4.369104829318811722e-01
1.228064694283803604e-01 2.405759713560505775e-01 7.069916328948516737e-01
2.468702354321737902e-01 8.929343752585889860e-01 3.359077295529852014e-01
4.410147352864709491e-01 6.809579161322463214e-01 3.649039389412755963e-02
4.692027267932510348e-01 1.254950127771337076e-01 4.904123937704721881e-01
3.592431791498720273e-01 9.719263029085841721e-01 1.135472439310744042e-01
1.419148665645895147e-01 1.527628308157626957e-01 4.034562481011605417e-02
5.339774561761403415e-01 5.264632437455920577e-01 4.459139739176655182e-01
7.169929184002828970e-01 3.222935008282421521e-01 2.523398227664227500e-01
1.660362439160415482e-01 6.122059677428852709e-01 1.353075675163922797e-01
5.838560476723564374e-01 5.729212840505756299e-01 3.619161281950300513e-02
2.924665429697838048e-01 6.551400199466310692e-01 5.410728215252431639e-01
2.698351159283080003e-01 1.200015288734751495e-01 2.868509525375633196e-01
2.145948632977001669e-01 5.617017456393036401e-02 6.889384888728744549e-01
4.348881245714895094e-01 1.884682863764132188e-01 8.903117203418718928e-01
4.228304990133726626e-01 9.785351412279441607e-02 5.966775653150435677e-02
4.051271760291464963e-01 8.766569413368852093e-02 2.734301053430476802e-02
2.702566620294348798e-01 8.097991494420071490e-01 4.791364219626231824e-01
2.211934742164987089e-01 5.889779014404948887e-01 6.659408372274263632e-01
5.912640326533481483e-01 7.979408762956554657e-01 7.729470432090582710e-01
1.339595548367686906e-01 6.405991528223522469e-01 6.620169807597169331e-01
2.859412301146568858e-02 9.002366787519936464e-01 9.157635938741736092e-01
4.916572759333603937e-01 4.584721852429139988e-01 9.954802958999031670e-02
6.945902382795043906e-02 4.461098505097687017e-01 1.023946924745258169e-01
8.688193936896118075e-01 2.575340613079265539e-01 8.960991463748817498e-01
4.470513539354270538e-02 8.862232731954459153e-01 9.902406426939501793e-01
6.464577420771663308e-01 2.579264243746447471e-01 5.603617147076511706e-02
8.989046664664013253e-02 3.448545859240196299e-01 8.085326389262462721e-01
3.714815701308125107e-01 6.426250483554017956e-01 9.406389161435535495e-02
5.315466685105306732e-01 6.635492955790601721e-01 3.280390597992052237e-01
3.327805859094870033e-01 6.633825336743810475e-01 6.214088094845704457e-01
4.756738272228828723e-01 6.085435767035362042e-01 6.752969458465758468e-01
2.987276353143938357e-01 7.513019554155246915e-01 6.942291285990532801e-01
9.028567034013550430e-01 5.932224301061446159e-01 1.479027322592885163e-02
3.086922278024335498e-01 6.643208420270211301e-01 7.060692454193973067e-01
4.460746614912600716e-01 3.688121709455536301e-01 9.239049845319295962e-01
6.322862428373992039e-01 3.486582525348884687e-01 4.325696301480789208e-01
8.462573693957432530e-01 2.921396144521298810e-01 7.621317846763562276e-01
3.950856463425980181e-01 2.807249585984556983e-01 8.512865053567618689e-01
8.377119960563954582e-01 9.117433898991227359e-01 6.334339012712747463e-01
9.798496033785746295e-01 1.938031735680141310e-01 5.041253204070552663e-01
3.145775432076181044e-02 9.624317033640704677e-01 2.472692745614546439e-01
5.879998911582038357e-01 7.569036252443298585e-01 6.682478961660202055e-01
3.803380329657470860e-01 6.469738657034128648e-01 2.028207244048223501e-01
9.186090769387197374e-01 1.566023660194277856e-01 6.921592402448127901e-01
2.170400096537627999e-01 3.585339570102746842e-01 1.596185683775609432e-01
5.014950643678404152e-01 4.297832593801743650e-01 2.269037644857361258e-01
2.768738581272313093e-01 1.038520024340618964e-01 6.510269717498238240e-01
4.785452424646283731e-01 7.602577996189292531e-01 7.306452714800522052e-01
7.326371430922365979e-01 2.791674508412675948e-01 9.405259743192497801e-01
1.412068969360630311e-01 6.199519551176719823e-01 9.283024562604972330e-01
3.743137694576329499e-01 4.457450630563930538e-02 5.508761823695463855e-01
4.977679529422347482e-01 7.655204394183245942e-02 4.992234884013062590e-01
8.749704460677782958e-01 8.513150657086708817e-01 4.698189919744354404e-01
6.853346940900800766e-01 8.918100482575709309e-01 2.566275782018205831e-01
9.701958512480144403e-01 5.381205152193757613e-03 9.728637547077205738e-01
2.675153366550719891e-02 9.400434531815199390e-01 6.433187966078132147e-01
3.566343400309348599e-01 7.385516998971156655e-01 9.462412535278208470e-02
5.678634035012649628e-01 9.420886392520144703e-01 9.792224107056781701e-01
1.539702328909647866e-01 1.453519169753577644e-01 2.241938096203555109e-01
8.297615008644536605e-01 2.642854607824408619e-01 2.494660406061053326e-01
7.863589477954348039e-01 9.800384736804779173e-02 1.646794012420361719e-01
5.305504121577290233e-01 6.832154685997704480e-02 8.084515967342025267e-01
5.622654709074547119e-01 1.657067142128847426e-01 5.879619006539591464e-01
5.828496873381920906e-01 7.583108050138930301e-01 9.972239382581302714e-01
1.856186127144199283e-02 6.667979693286251175e-01 7.810614829786506341e-01
8.502283134041133117e-02 1.727616302275107873e-01 9.410588890564154374e-01
4.536960595741535984e-01 2.679343754815499690e-02 3.766008128387206000e-01
5.254362206252904954e-01 1.118707893792799668e-01 6.807332394485843263e-01
3.426332778200562590e-01 2.336123766021829251e-01 2.886059286974314020e-01
7.696104354041555240e-02 1.727874678156217092e-01 1.649782376873839551e-01
3.777018645975783739e-01 2.270543722326862079e-01 3.468711448874881587e-01
1.629533129323994523e-01 2.592367765181000649e-01 1.997230498110379449e-01
4.760619670801136127e-01 8.746067342728327532e-01 5.661810448884601055e-01
3.735526421655566143e-01 1.975065426297507587e-01 2.315542700859613001e-01
5.534279958751442408e-01 8.654813850196152458e-02 4.247519773503178886e-01
9.871736799475918644e-01 6.016025143527342633e-01 5.602021858450857428e-01
8.105917905987458649e-02 9.302478622874496006e-01 7.368766192867803877e-01
2.163956305759463516e-01 3.183761040305652656e-01 7.761421964172467991e-01
6.599558381936261320e-01 5.210958052823003728e-01 1.339329083955269617e-01
9.759009511047603835e-01 3.198484378787579407e-01 6.107424360361362048e-01
6.315304211294738845e-01 1.066588286612929481e-01 7.400679834730584661e-01
2.494120680698022063e-01 1.139080382476774789e-01 5.950424164468522958e-01
9.677292389025903274e-01 1.929461852670980582e-01 6.280116398056276861e-01
2.562320467485400544e-01 8.969046396261523002e-01 5.248607937147725666e-01
3.108641585763368687e-01 1.919841121039631560e-01 6.084278359984108819e-01
8.001663697678054188e-01 9.441498058995227982e-01 7.483597923593311441e-01
4.752338501634767454e-01 8.633120514576519966e-02 1.747619454018800589e-02
7.848802654947247825e-01 7.719039015037917340e-01 7.142853278097068825e-01
2.934460999913739432e-01 7.811506626296512712e-01 8.043283686094846452e-01
5.229594483285245898e-01 7.031308409289427352e-01 4.719617728461663608e-01
4.705028612128016041e-01 6.033524045490172849e-01 7.542174419067527724e-01
5.764659195959017657e-01 5.144720854585338454e-01 9.733120554907022104e-01
2.416578093951810002e-01 7.094952314674524141e-01 7.885504034147919894e-01
2.120093598960499648e-01 8.737635900570733805e-01 8.001783367356574139e-02
4.345915443707188963e-01 9.619620502159832443e-01 8.705271102751284129e-01
6.533100391226633885e-01 4.068796442068934871e-01 6.288800057974919255e-02
8.731324184671218624e-02 9.516561496446046542e-01 6.677013984356494625e-01
8.935384612113640435e-01 3.559626474359782744e-01 7.979209283019532695e-01
8.687101294998618162e-01 9.190489133250140386e-01 8.363570251902815444e-01
4.748306167981398707e-01 3.945451625086243697e-01 5.520063604791622947e-01
6.392584527692163343e-01 6.441212486487870592e-01 3.442433106143605315e-01
4.427921474589923134e-01 1.498883900378429335e-01 3.023494703502217495e-01
2.865365118746865392e-02 7.708460539191900329e-01 6.774542651031912888e-01
4.526267301748986283e-01 8.472256899920469486e-01 6.758285429626849083e-01
1.718534128486370882e-02 9.498980768918698914e-01 5.090952054761990198e-01
6.215026699739376603e-01 3.983006334345902122e-01 6.142785381433402137e-02
9.069118934886329919e-01 3.172267531946444397e-01 3.264919281601846857e-01
1.990187446655145020e-01 6.766010142806349048e-01 9.356949934072722463e-01
7.022677091299214247e-01 2.357678697127952860e-01 1.923629343271759939e-01
1.753632748000047981e-01 1.074439559293580704e-01 5.560511563814128921e-01
4.780569908622633868e-02 5.268081182608995716e-01 4.345114828965186415e-01
4.930978952533483506e-01 1.798185323273659986e-02 5.028913292331393947e-01
7.473670526871947217e-01 6.969888199443697863e-01 7.992328935431820547e-01
8.696488006779700131e-01 5.741946442380564397e-01 3.070404118355937184e-01
3.289302135669013305e-01 4.102629511413280472e-02 7.951045494195591035e-01
7.793253640503261526e-01 4.348963794354738788e-01 3.242569850702071710e-01
4.696848322191948810e-01 1.893336758244228424e-01 4.206893236602839981e-01
9.508826636356952910e-01 2.748520184910879793e-01 1.528648780579274780e-01
7.498561716866802840e-01 8.558394380834966064e-01 2.173775499806185341e-02
1.701100480997640441e-01 8.997668021850091513e-02 6.872864028557035265e-02
6.622917461389121740e-01 3.989527143599301828e-01 3.039250039067173947e-01
6.721279229478934747e-01 3.194845731798480193e-01 3.435864055950665907e-02
6.301642157122402388e-01 1.171937187315337248e-01 9.876819355850752213e-01
1.332066840737934355e-01 6.573392738421530712e-01 6.945009079686400577e-01
8.272841278413782806e-01 8.284096042422509631e-01 7.669524171759518616e-01
3.788506651059428965e-01 1.237203634940760022e-01 6.957788056654647946e-01
6.756436446239446614e-01 5.084875529736914146e-01 1.431713960372493766e-02
2.120549562021778467e-02 9.110446146656491218e-01 5.819572849132326198e-01
7.398627472101841906e-01 2.985093731626502489e-01 9.993321019133755145e-01
6.739616712520315467e-01 4.286244631238868008e-01 1.412672366219783759e-01
5.208167532805367816e-01 1.544336867033007099e-01 6.494043679353150855e-01
6.486232151361699394e-01 9.285808923760430211e-01 7.931790438696538770e-01
8.833818965655724220e-01 8.595798599161643683e-01 7.237872267016735028e-01
9.395460323016970872e-01 4.388841678727551932e-01 1.974736549060750468e-01
3.078629292328858291e-01 8.762797545108464981e-01 7.734656923812580631e-01
2.447979127688660883e-01 3.438436862178761988e-02 3.801488942366529900e-01
6.630887667194860224e-01 5.119711906417337977e-01 5.729973558036363102e-01
4.952705352077061418e-01 7.076433074853749616e-02 4.393479372977671105e-01
6.586952555487620709e-01 2.490947259110236622e-01 3.440173933917293203e-01
4.823931848603646433e-02 1.453000256515012412e-01 8.188340858020228819e-01
2.927046677421557552e-01 2.955919499263988115e-01 3.456312073192631118e-01
6.697889412648283525e-02 7.934424654744298699e-02 7.290708605914808516e-02
6.282734801990346174e-01 3.282430576219023122e-01 9.542752264269115381e-01
4.512763228126710491e-01 2.622465935415723148e-01 7.601074900726306760e-01
5.612519790778029982e-01 8.766376691457777870e-02 5.125213296640048766e-01
8.701808717203466381e-01 4.235860953333392409e-01 4.442612109666834730e-01
8.124732579549267530e-01 6.902907246324160306e-01 4.281374995435613950e-01
5.198397303096568001e-01 6.747827615356094544e-01 5.448024875707994097e-01
7.142318927426594133e-02 8.035847610058030055e-01 2.954807476044424286e-01
7.653182410889607379e-01 1.561669542221505447e-01 4.033322047383406384e-01
2.945645769887709209e-01 1.831782335102607462e-01 3.162313715586937413e-01
7.277040524880997729e-01 2.220594265870244888e-01 4.411980721617215773e-01
6.612233338686549500e-01 2.094396694648648083e-02 3.216916596331546030e-01
7.650708177853599024e-01 1.644560389758649155e-01 9.572200777627803969e-02
6.527053587897522213e-01 9.789589713116039205e-01 9.771819885436822117e-01
2.854825430221065163e-01 5.326075982285288779e-01 4.462154765421677549e-01
3.477080028811316836e-01 2.882962042510184286e-01 4.943240684953227326e-01
5.086491990061341451e-01 6.494954536549581992e-01 4.252067416555507240e-01
9.783698843057007100e-01 6.712720442631472384e-01 9.650439448464005476e-01
7.646637701370729845e-01 6.199402941916476451e-02 4.268316461851522359e-01
3.260454890815497331e-01 8.004567961197013304e-01 9.609445146926853809e-01
1.937771424291170330e-01 4.550600855032364001e-01 2.616994114161392826e-01
6.438687512000002000e-01 4.257976288636202700e-01 4.799797777050260894e-01
4.740438600661005530e-01 9.436794513012969343e-02 9.152542609246930860e-01
3.523986721837873981e-01 3.804322548657073089e-01 4.436872374532108143e-01
8.662295281810750147e-02 9.637495926962661441e-01 2.704498527819115816e-01
1.145177305528941591e-01 4.371048455195257754e-01 9.028971022188542195e-01
3.695695391346459635e-01 6.323687775622068852e-01 4.714288331199758542e-01
5.644887447227883159e-01 1.622865241688117299e-01 7.520730542363049942e-01
8.836766982976103080e-01 8.851234507946594832e-01 7.410066908926870033e-01
8.890013179159517165e-02 8.063201709905156722e-01 2.612593046907403238e-01
2.398664350372423648e-01 7.779641527606717677e-02 8.654434315901868846e-01
3.552882607211061972e-01 2.531538848606049719e-01 8.775558573883145419e-01
4.099196363693116130e-01 1.876967393868381739e-01 4.810903306247311662e-01
1.404983697761346129e-01 5.467358329443005038e-01 8.548590417016530552e-01
6.920852571013753618e-01 8.786192006557090872e-01 3.067340027859255525e-01
2.523813321551842126e-01 2.538109108805433056e-01 2.438453732440587496e-01
5.360258592121528443e-01 6.209406447545166019e-01 9.827389335018721361e-02
3.149252000291007381e-01 2.835501395641992772e-01 2.773152969505630061e-01
7.445591664470488924e-01 1.203556671074758055e-01 3.513856966873546428e-01
6.139219718485225963e-01 8.554011873559494994e-01 3.879184383183287288e-01
9.405511987452026545e-01 8.044581498824064925e-01 6.751773198081751914e-01
9.989423249362361368e-01 8.567919983249112637e-01 5.230247087603232536e-01
2.018820815126542989e-02 4.611288924164894665e-01 5.896390266797535418e-02
2.861785149290022590e-01 3.580081738180473927e-01 6.916279414905242007e-01
8.826909173306122236e-01 9.665295999783534153e-01 9.079061472359684082e-01
6.165068247591416473e-01 7.910534166047873406e-01 1.704144737561607004e-01
8.483663994239842854e-02 2.201620955427213699e-01 5.335906788934665634e-01
6.565559304336583413e-01 8.374412536294585374e-01 2.590097912201450026e-02
1.845222279362458417e-01 8.036630274088890635e-01 6.514954038147422466e-01
1.784336716845325022e-01 9.660151548745196104e-01 8.670908447958025622e-01
9.548225962459853111e-01 1.491194435172168431e-01 9.565210369572787474e-01
8.892784673544704699e-01 9.321595163484006630e-01 2.291223032844867946e-01
2.534802694344724383e-01 9.639468272793213499e-01 1.452428712159461455e-01
5.575798084081310391e-01 7.021340999871961142e-02 5.255749126748955335e-01
3.510250279615295677e-01 1.012006767374453720e-01 7.808221550111607012e-01
3.018340851397547375e-01 2.274620763326015149e-01 6.414131192128175174e-01
7.555705697818846378e-01 9.366201881706825993e-01 6.683262890916528143e-01
6.086412590863379268e-01 5.941294223444910649e-01 2.522669940455196658e-01
9.025420800035214297e-01 8.110634673821250917e-01 6.643132686900199424e-01
2.708541030413960105e-01 1.419359420594639154e-01 3.792446218900220600e-01
7.117213310081715871e-01 8.838752627805734896e-02 7.092608410122315243e-01
6.235834920451540642e-01 9.334124832454878673e-01 6.430993992717513041e-01
6.043663089890526363e-01 4.342216914935574934e-01 9.278257704328799482e-01
6.348318821278130519e-01 4.725519413094084742e-01 9.929627280775066289e-01
5.392731079711788889e-01 4.241033680150981811e-01 3.744055424509129537e-02
1.683481922899541239e-01 3.536113927619127795e-01 1.183016321291505690e-01
1.223423308174753643e-02 1.669535719040406985e-01 6.184579522296654863e-01
6.467085721496994566e-01 1.895329428144868489e-01 3.803602382614493793e-01
4.039866914459038227e-01 6.043015671753912965e-01 2.311334411352120588e-01
4.875622897895057761e-01 2.292845399579460652e-01 2.994456408826917659e-02
1.585807717559771790e-01 8.873214597613561239e-01 1.612032517457324676e-01
3.503844253478827220e-03 3.125887013953103644e-01 2.407172814938437488e-01
6.872897714151096071e-01 6.723042646537225053e-03 1.335878403552921423e-01
1.404677963648102157e-01 3.502273846108541200e-01 4.107558823097852141e-01
2.325517996472431514e-01 7.011662989507827515e-02 7.268456106685448059e-01
9.918171246030023092e-01 9.377875988766604110e-02 5.742578377331009065e-02
6.484671026159694041e-01 3.685756655501573054e-01 8.978360025292492219e-01
5.451250923635284629e-01 8.892288836554631537e-01 8.956069979143373994e-01
4.276548341642852913e-01 1.523100382205060388e-01 3.243741890409437278e-01
4.328405586379657777e-01 4.758794900089244884e-01 1.557865682419844466e-01
3.250265589481372563e-01 5.308362622516115126e-01 1.236563778543324776e-01
7.523588060072461392e-01 4.262616949192572502e-01 7.820503945944898838e-01
1.063029900810144035e-01 1.082060246232910972e-01 7.230273566708731448e-01
6.924338761307039514e-01 4.625943443771398655e-01 4.426844101110886109e-01
4.835946275784974713e-02 8.716620009311749628e-01 4.732793823547716272e-01
1.690857058437249538e-01 7.231921957204627827e-01 7.990804338544815755e-01
2.222126778324765572e-01 2.414926743591350178e-02 5.148963846757081964e-02
6.450901647722284693e-02 8.168378333864478869e-02 5.910371797890788814e-01
9.977450113025789769e-01 1.633045868108592424e-01 4.418882375464687762e-01
2.797656454685323313e-01 7.557064870633511955e-01 9.241900363043716871e-01
1.170684842536287018e-01 4.091018069605534269e-02 9.447057373585764362e-01
3.996272253799239005e-01 8.051025047894345699e-01 2.328175035963985229e-01
9.143961870489009103e-01 4.595874833615249955e-01 5.044041934271252803e-01
6.963487592723035524e-01 5.064529183167478799e-01 9.880846206908725504e-01
9.457459423216171279e-01 2.380178611382065545e-01 3.468083815925766533e-01
8.776499286682064582e-01 3.301366780803587364e-01 6.014155613069771533e-02
9.838091574838031539e-01 4.224705088066059711e-01 4.842270639039649716e-01
5.012940426080175760e-01 4.058054236357888644e-02 5.403637218799113295e-01
4.662766204418916649e-01 1.673653217116463088e-01 1.632450278587220804e-01
1.873602983663651411e-01 9.756634598283233650e-01 5.108490805010035274e-01
2.652523739727651320e-01 3.170320287871384313e-01 8.235527986899700004e-01
4.913387093553062135e-01 8.270657812639951034e-01 9.357306626179021647e-01
5.946657951536958864e-01 6.111952135911690176e-01 1.270435496253582430e-01
2.890769185754834547e-01 8.849505102954509095e-01 8.969977709439889146e-01
4.210456591641107416e-01 1.626268008444331503e-02 1.879028739145405247e-02
4.958582697533496786e-01 8.842763680955807448e-01 7.032937326000686662e-01
3.299824012806610307e-01 5.377726896329249051e-01 6.039131831598765210e-02
7.915292389825721031e-01 7.480668031910751026e-01 1.891237074195301071e-01
3.775825222865412112e-01 8.099637155422420021e-01 5.625413664819642889e-01
2.601245552242231751e-01 5.337344543298379040e-01 8.747147681342332115e-01
3.158761689284752538e-01 6.673993211276953996e-01 3.715741154451399630e-01
9.604014310260272635e-01 3.939825158854570741e-02 3.573901387189946099e-01
8.342659471307031227e-01 9.683089686960699716e-01 5.937441523168159874e-01
3.587635170931479101e-01 7.859065348863963907e-01 7.670064541743567554e-01
1.133372734586367558e-01 8.437026015215072228e-01 4.260521140943878127e-01
2.711840256807928062e-01 4.116676216959225254e-01 7.340885981490321566e-01
2.235148065487827518e-01 1.282848980406152695e-01 9.987673447016898187e-02
5.960386272914373063e-01 7.731425711016646218e-01 8.910112877687710320e-01
6.014066556327209989e-01 5.444443585614646697e-01 8.663187098507200146e-01
9.137305843821694751e-01 6.438664377885716661e-02 7.647263463574804909e-01
7.548731507564673260e-01 5.486883020043098469e-02 1.976203733619777969e-01
8.338089530710109942e-01 3.117974481527749919e-01 2.167819530066429357e-01
9.839334247816841073e-01 8.024646729993466510e-01 4.619425376647234849e-02
9.438089095159415409e-01 7.830090085211330875e-01 8.001358634442522488e-01
2.000861072123137907e-01 1.523103980855848860e-01 3.655312666527369414e-01
8.048619466738882178e-01 4.069554134830242198e-01 5.231823250635054823e-01
4.401035750947601688e-01 1.027945576442347297e-01 5.590509416997390124e-01
3.594708549072477277e-01 2.279901461628003334e-01 9.605281836782728622e-01
2.583309376080876740e-01 8.399642616517632998e-02 9.304418378395803435e-01
4.955092884368532680e-01 2.842389710067039221e-02 7.086913178507022737e-01
5.695813550075212728e-01 2.927923878006188918e-02 3.821245344806267763e-01
7.999805442675652634e-01 1.772835478141359111e-01 9.223176815055458277e-01
9.909020839475890519e-02 5.553205146567415929e-01 9.808263002796454577e-01
4.793666195340025027e-01 3.179537508254874911e-01 7.885068627144519171e-01
8.503094550101982785e-01 6.598475810850944479e-01 9.746280881707285459e-01
4.380382312097852449e-02 1.826689537767415272e-01 2.591819857226366208e-01
5.735833382891808441e-01 6.723366698814944309e-01 3.428086558788551175e-01
7.112737821511527780e-01 3.533005974873323352e-01 7.035764532487417400e-01
2.166017141749591035e-01 3.806094203840609813e-01 2.624815841426759722e-01
2.929175625588781307e-01 3.651005880518393143e-01 5.051385260122597254e-01
5.696199577151456195e-01 9.694493353994138030e-01 5.094213319012332875e-01
1.918154659755327840e-01 4.532540479717915849e-01 6.322919721520979808e-01
4.945348521527127561e-01 9.503051542642004801e-02 6.126321254818557493e-01
5.931045613904103453e-01 9.789696122811624157e-01 5.557007286335302609e-01
5.894585771283852305e-01 1.802980746927005384e-01 1.021352442614742451e-01
7.460701974824933691e-01 3.786796066954817297e-01 3.010103382852811205e-01
1.301251882632934453e-01 1.400184297373519016e-01 2.829289119083326920e-01
4.721246665094550599e-01 8.260362807013220676e-01 6.546194575998487419e-01
4.151882578483248043e-01 9.346468539951825472e-01 1.935689909005058329e-01
7.968035084630692433e-01 2.947128585529745770e-01 5.251524898922265150e-01
3.268288549435376389e-01 7.560965325881343624e-01 7.683235766582825477e-01
5.413113279437442582e-02 1.485038075333540153e-01 4.440520918533608086e-02
6.883696505180917358e-01 7.158300937308250678e-01 9.013934834972425758e-01
1.554387453573050637e-01 5.994890622813102699e-01 2.058052834034348466e-01
5.591010680164771873e-01 9.224859690461147954e-01 3.737484510538983118e-01
1.265594996046609522e-01 2.938307482837297924e-01 7.509002419435306663e-02
5.302307312508038883e-01 4.493553231263125447e-01 2.319107069940142818e-01
9.216467381218178545e-01 5.380310025218618675e-01 5.782673771122864848e-01
9.376958998478320817e-01 8.826557169086576282e-01 4.997437141948810613e-01
4.108282705504548993e-01 9.717574061985256861e-03 6.353474787939157320e-01
5.832561286587595317e-01 6.521222031741696901e-01 8.770159677239656171e-01
6.320017309981827980e-01 1.182639345839298084e-02 8.862125312228907870e-02
5.163852871492874419e-01 7.979322368244327057e-01 6.978083226855466004e-01
5.819499067831257477e-02 2.438449443954385787e-01 1.963790128916734767e-01
6.577936145887008923e-01 7.000705712006646264e-01 7.477407067726153933e-01
4.578712575162369181e-02 1.101431004159626470e-01 5.842860324753649248e-01
7.348910119730305279e-01 2.906497024319381062e-01 9.578548686375620846e-02
2.432793705895381908e-01 5.535245753023824156e-01 3.134462308904077954e-01
9.116502857750926614e-01 8.770271712487306415e-01 8.069357077102338183e-01
5.294210526617902923e-01 4.098061099300673860e-01 2.580003451449534024e-01
9.903829854594157212e-01 5.211605616083514469e-02 2.930206107808541738e-02
6.321811500292273678e-01 8.038946834312433731e-01 8.923304021497171501e-01
8.804395695010014400e-03 8.902414549224274554e-01 5.734064978254576062e-01
1.892818432662997097e-01 5.546555308156547737e-01 4.711001902053844059e-01
4.079336742102784852e-01 1.270233234016248103e-01 9.106499724365656467e-01
7.772734288402549652e-02 3.989068637681040252e-01 5.522742916607006336e-01
6.829411970289364087e-01 5.261618881318516072e-01 4.321661166438141022e-01
6.532472889088416501e-01 3.695932378863605594e-01 8.201734044165138737e-01
6.717263579250911665e-01 3.398840895101423731e-01 3.253373354057909062e-02
6.099501851880866354e-01 7.008177568891569287e-01 7.166140013635291517e-01
6.901722458731407439e-01 2.841325181424683155e-01 5.083702301755641528e-01
4.860647099229901125e-01 9.870626849224797272e-01 6.045644897262375528e-01
5.176650581652583183e-01 7.870306066089635122e-01 2.908038678279917244e-01
9.789672760999408307e-01 2.122716912525044464e-01 2.491099337032134375e-01
2.268605588772150128e-01 8.150664450695688235e-02 3.238938029153862752e-01
2.481532001627401174e-01 6.144406562704033403e-01 9.682716320830200285e-01
1.171261526193078106e-01 8.459599018247291324e-01 3.877003992220402484e-01
3.866566675805025444e-01 9.206702761222508302e-01 6.638770749344103939e-01
5.355181704302418577e-01 5.243168374589173286e-01 4.289273642237640960e-01
4.294447249322416171e-01 9.575827783966599505e-01 7.463982708918006637e-01
2.200592841499874330e-01 1.670264020275641359e-01 4.035258939205381701e-01
4.269713822442573470e-01 7.481860174873591340e-01 8.201939904193086273e-01
1.419983412298777559e-01 6.207475428048809807e-01 6.162729516835292465e-01
7.090674397212841651e-01 4.996745457003742841e-01 3.942719614959695473e-01
5.724168209540421159e-01 3.659553017755871052e-01 4.969045246940976268e-01
7.504060805875365503e-01 1.962051281432232175e-01 1.954079887176604080e-01
2.362086362441232490e-01 9.700510728468468846e-01 9.966249434989681300e-01
2.930422062596964583e-01 2.096636219226293285e-01 6.978395147851643721e-01
4.320182100911941214e-01 5.035818562738033632e-01 6.566373399458456106e-01
1.485587345007975957e-01 2.650314428046115500e-01 7.120093240509299815e-01
1.208820733349355026e-01 3.599703969944827442e-01 4.466477022498935856e-01
8.882290389453810775e-01 9.187651447907115854e-01 1.124717040798722811e-01
9.005407764386724745e-01 9.728417485240979934e-01 5.177828177338251736e-01
6.698888569588636877e-01 1.328794208530101884e-01 9.170165463448238796e-01
5.417714605667122152e-01 3.038156271531888830e-01 2.861595070076375924e-01
9.918062899563155899e-01 9.435348173389090931e-01 9.742750441565818376e-01
2.514851020937476367e-01 9.112835640185279473e-03 4.452676375867617997e-01
9.196569899120784486e-01 2.544578093053688761e-01 7.789709012588214021e-01
8.707510528448487719e-01 5.041488462674834636e-01 5.227247844279820921e-01
2.144248531274793867e-01 5.591356776292486508e-01 4.970168461527746384e-02
8.905749886569797047e-01 8.083455047710303987e-01 6.530586583893936981e-01
3.802094160641908971e-01 4.677613675199373544e-01 8.697700955846560111e-01
3.448133807101934067e-01 1.552218654332885306e-01 3.216119531940361265e-01
6.546432019957446613e-01 8.872344306446330320e-01 6.782355597837841366e-02
3.482892812876081656e-01 5.766340417400406260e-01 3.577313537884737604e-01
2.013633518099041675e-01 7.467136524492951066e-01 6.539220913118470868e-02
9.364500594727197536e-01 2.781853965655285421e-01 5.922692821683728237e-02
2.188684107396555723e-01 8.527031742739846765e-01 6.272868560905466850e-01
7.079807036551377664e-01 4.652563474529869403e-02 3.309861449761075658e-02
2.720691896741170845e-01 6.147940482227505221e-01 3.921715560300569337e-01
4.792518183392191489e-01 8.826214262582273706e-01 4.307313914643314812e-01
7.683030073798366999e-01 6.309182667793624688e-01 5.429308273258159900e-01
8.043518032096431680e-01 4.391451127541300403e-01 1.843321288002136571e-01
4.312444170326527049e-01 9.223199818843902387e-01 6.433759884981535837e-01
1.869688539740778088e-01 6.898473450204962720e-01 3.675819501131272204e-03
2.858212581144516928e-01 6.741364720173204095e-02 8.833611906297273997e-01
3.591774824680705747e-01 6.447432570100003479e-01 5.477647031750553230e-01
2.692714795654039817e-01 5.479548859233022151e-01 5.114579653785297220e-01
6.670077555948722425e-01 8.233382541530980259e-01 7.509614544918774559e-01
6.206760397396886564e-01 8.435813630612680747e-01 9.338458255689885412e-01
7.537281257325560979e-01 3.538397254180148943e-01 3.912936884097311108e-01
3.678739175520480131e-01 4.376946986566316866e-01 8.819893916981158544e-02
1.945823212384774070e-01 8.730124280101262402e-01 2.275274276025578413e-01
5.863909774164122179e-01 8.004651043611606953e-01 3.307646899864541412e-01
9.691899904992627990e-01 9.390779345281035084e-01 3.759512109278922987e-01
3.799043064735629915e-02 9.639371693505827121e-01 4.931412123311377238e-01
9.386480032655162287e-01 5.319201905382520135e-01 5.733079496665642871e-01
6.795167081319968272e-01 1.416286156154817899e-01 1.643882115706212232e-01
4.530519204532387212e-01 3.695758210152086942e-01 8.235891698976373076e-01
7.837047430775704315e-01 6.866597731680150751e-01 3.012359085549158877e-01
2.235889333428738857e-01 4.040015065028498276e-01 5.630995847467057391e-02
4.119334360420602303e-01 9.536997126100932309e-02 1.580959037468330219e-01
6.511337434553376990e-02 1.903478043492027316e-01 9.636343858616946978e-02
4.458085054707259243e-01 3.543157653518371752e-01 3.818037994461284113e-01
5.168374402574945625e-01 9.085464546242532080e-01 7.072152000960820750e-01
2.316396264046443054e-01 8.882775157208854244e-01 3.771788815468065659e-01
6.848941085296916809e-01 4.134640114921283027e-01 7.712807321474538513e-01
3.609063705239978770e-01 1.125199936712967252e-01 5.189899983279041562e-01
3.184669586237860450e-01 7.950493739452269004e-01 1.580311607359863313e-02
5.747237069277798538e-01 6.777055840043278989e-01 3.537378013444768543e-01
5.038194052152840108e-01 6.913655283168373966e-02 6.806251615652946230e-01
8.373945157204419898e-01 2.525726760115049041e-01 7.059600489050965599e-02
7.153158995348085636e-02 5.954804011950287634e-02 6.821744808838480223e-01
4.140294951231993092e-02 7.200736329263193181e-01 6.804766797093170227e-01
6.743228437459517499e-01 8.499073460326010965e-01 7.779271022424230075e-01
7.917959158643559370e-01 6.449745269606360631e-01 7.507406730532516503e-01
8.228552099537637110e-01 3.550941552173223492e-01 8.840092905985610372e-01
1.718890457000680216e-01 3.397700403054901841e-01 5.906394342123052477e-01
7.363660910026669226e-01 7.141688889407539209e-01 2.404557350256799619e-01
4.901035690153865421e-01 5.294286819614191231e-01 5.085295552337893987e-01
3.247505642844873419e-01 4.341059065504998538e-01 4.407274419827892364e-01
5.838249121245379092e-01 3.635839318891974647e-01 8.424140186571379418e-01
8.537792736515985581e-01 3.961970480285090801e-01 7.456963184978041559e-01
7.301315014644687018e-01 8.625208221969551392e-01 4.852342584088593647e-01
2.150689855878460399e-01 3.927673435605911756e-01 8.812671603030142187e-02
4.701801916983154861e-01 3.151810419296037225e-01 5.943573407941964426e-01
1.987007200873250889e-01 8.230823993674216688e-01 8.240314702240147948e-02
3.739399982766205000e-01 5.083981320975623497e-01 7.439441888837187156e-01
8.357952393420615689e-01 8.210043659590984255e-01 7.835560534727669113e-01
1.706917687009033013e-01 5.440473255518710749e-01 4.836640622647977450e-01
4.525223660592336827e-02 4.824731784479960872e-01 8.404431529639766474e-01
4.390897298680334071e-01 2.917397310253555531e-02 1.969767921308058778e-01
5.266848659767033869e-01 2.305189779334155808e-01 2.192378014758065152e-01
8.031652338542514258e-01 1.047816419813821787e-01 8.989389452959473115e-02
9.447769847994120784e-01 4.576123085704814075e-01 8.345166516039792537e-02
5.622581869472013105e-01 8.836623937814370722e-01 7.287505915852668936e-01
8.367425657900838809e-01 1.004315347400049907e-01 3.717222911051913936e-01
6.449726313355883534e-01 1.826775705609825495e-01 4.477519568566213914e-01
5.831968730611409857e-01 4.190282205070143817e-01 4.358992483402729379e-01
4.857374272834167339e-01 5.570665014599925913e-01 6.888282939500952606e-01
7.824523579499919057e-01 5.024826598773608488e-01 4.979216084587355651e-01
1.333852301632498794e-02 2.784984591531073361e-01 2.684730290435196620e-01
8.808103508336355691e-01 1.540488975369146418e-01 4.284816929561157117e-01
3.960890879383608398e-01 8.596485469603344365e-01 1.766179023678075000e-01
5.505413545408490705e-01 9.570566842515434436e-01 1.046855784243849730e-02
5.673848038549978989e-01 6.404719302725284669e-01 8.065990340594755281e-01
4.315822375464033467e-01 9.764603920882483079e-01 3.254125902952953453e-02
2.199489399664156242e-02 9.595859555758248227e-01 2.462093427632838782e-01
2.437424846318373417e-01 8.299550971455430526e-01 1.871136215256569146e-01
6.545577993475338863e-01 6.474307789580288075e-01 3.547340194682382375e-01
