335.0589018207127 32.19579741991451 4.243316427770404
272.80660372134 7.943533412873397 6.427188464172717
395.5721395390457 4.744656097629417 0.4831721238296982
662.4584093420888 8.491426420770045 1.8351653505291043
408.09409636213115 16.994092821647804 5.288061500009025
525.1473775595497 12.14557597458449 7.949099561352942
506.2875655423076 17.499985404869527 3.482073635509316
697.0931379166609 14.79705934311955 3.8182987640137966
13.131475616414571 32.14874018025064 5.787197764972354
96.72710131219165 4.25116722530888 8.420285788606561
172.52844553357517 8.4587332363234 7.3186487038238415
387.9180624082831 24.8072221658768 0.473382238137694
512.8306847950946 12.968381527127804 6.86384925333138
54.67730436087168 22.96908630125412 9.75263248711412
491.6991108735457 27.26311383632466 9.349490014450621
298.8710597334393 1.2164741411226125 0.36711947281466095
113.63885365004572 5.0408201749010875 0.8218721619877489
664.9634216504016 6.856788251624383 4.390771057747473
634.469810459046 26.940475158668317 7.676292085789794
485.009205038347 14.409216459530912 4.784373012944761
606.0048076122617 1.960951406236508 8.020600136427715
291.9534908823854 19.123914965064916 5.811521856977604
668.4735392975373 24.424581056598047 6.000210632757046
699.2806904767791 7.010579308926558 7.834237212316905
121.58992447734296 0.17536888807545736 0.06868265157215836
644.4579594743992 22.45208949311591 5.391599047949067
548.6402543022623 28.19556870335449 4.146163089444771
435.1348911530567 35.06276906552663 8.922322402601582
204.4949519563265 14.2822333881082 1.7857350585075105
380.66991872675396 4.236306665424971 9.750683213611165
477.4686098494223 15.528993481209168 1.4339966805237114
673.87311193636 31.659429171652736 3.077512622526558
43.234927202702465 4.5388756736789375 9.264725304932563
690.7931922460538 2.703797843703706 8.679391147261553
355.5446162542509 13.83772842017748 4.51643981985981
644.0547305680186 18.59344436429107 3.7012675701102693
325.6178189389283 7.242984487925835 7.951431556676614
519.8084874508979 19.796629756650795 5.4946133865496325
507.34172503150137 0.6699150001173004 2.7823019500486543
632.366519824756 30.10233937532387 3.837190148054712
557.320431840356 31.020185610866143 9.26315530559097
718.1418501652095 16.351791859196343 3.889511000672959
638.523460156679 20.243368864153126 7.569863932307977
110.10256901681052 2.117454396826046 9.331696117055174
711.1643504202535 33.10097828455601 7.5562451633567775
504.3562328647671 6.832204467318954 3.900060147833985
61.071611862983374 2.0114014281819883 9.416031177035729
302.05252005452184 23.94264471831072 7.100628553125099
102.60361084681284 20.089152114167224 7.23538739756748
682.9959495644124 29.162865694983214 9.096390487048007
660.8727058258237 12.717573689399948 3.9189307170419263
484.13023291681515 31.09561372331964 1.5609419248739553
378.9367776717585 6.8578007993219074 7.995625099135902
634.9617019129441 16.123851177160766 3.53661409300585
474.6816444785791 11.968777620400383 5.327549990650993
287.9469919322377 21.277466245314656 7.2181087402964215
358.7542273364631 1.7810709618287062 6.556087119986078
216.5978799439785 12.093234698443643 2.2189295448058735
487.07484020914467 33.531283597054205 8.21366119152602
454.3367534934744 30.245038822343638 6.6298796120940455
203.37170711085435 8.726541651111146 6.3515897815141775
60.48221257711059 12.5451864975084 3.8587756045258246
283.1167174308641 11.49260068564129 9.674025220184916
508.5812705807028 2.094859313705258 8.006815825022894
394.8039850605288 22.24686580211132 2.459143895225929
618.3556976540405 18.06190658116415 9.06750052404085
135.2713874520954 3.846155734391315 7.605240487633198
211.60561334441937 4.651955874830794 4.4127519616147275
660.2953129838496 33.474358706097014 6.269493213209861
59.432504453546834 11.198687993503356 1.683988686568394
652.4175229520607 2.4943194481910034 9.246328732615494
680.5388327094411 27.586213763494907 2.7448379396657065
230.62168155764948 34.91954544022785 2.226233880226114
223.90695881819582 29.977268276055277 1.7028817612781
503.25702877434463 29.82096099302115 0.23440883310355876
531.4133642462714 15.021101742409154 1.18856126969633
319.7815400264578 33.17761052503669 6.8896711795214785
43.23476576936034 34.22382140200881 1.9687176057217404
495.4258283511366 22.42912906566644 7.2165014292670415
609.8313875046395 12.988652391156077 1.9728439725218272
417.17954940466655 0.5160364455697133 3.415428466933952
429.941711762353 5.651945173598627 6.990460858120913
667.4902154597099 27.12993355276073 0.5359500582724119
192.7141145359799 31.467200331478477 0.4898551870660439
586.3380530632744 6.472707916481832 8.463346136175979
652.5425487294796 25.15402678716343 3.6999608538385265
7.446747216604211 1.8235723150637089 4.969466237240968
68.85253623486943 15.918191966928763 3.1218510709225846
154.5192789081249 25.770927772115154 4.375302277084004
488.3909990537202 8.686883863402489 7.921811532494959
481.05792604847676 9.715382994357828 7.751349768411069
274.10723750418396 10.586177742177115 1.899056732126222
678.8140713781519 5.835988138583298 2.1980708654485728
138.11651618036586 17.989398921922813 1.0480643965569958
67.50082912058106 31.989818106784224 7.488447697821503
441.16188659764725 35.93316432485315 1.4390342195356975
338.74598349592736 33.91537057889082 8.314416512336809
627.0800621074849 12.17029530611638 3.5936251100593184
390.74322327783074 18.463708124368043 1.3203145461757304
284.21586620342083 32.268629942103324 0.0028758899067493626
