0.450924 0.449757 0.000000
0.500462 0.101022 0.010101
0.888634 0.404997 0.020202
0.566147 0.377901 0.030303
0.367436 0.763146 0.040404
0.031137 0.851907 0.050505
0.340573 0.932744 0.060606
0.829173 0.710038 0.070707
0.320505 0.772835 0.080808
0.046360 0.237196 0.090909
0.187229 0.051318 0.101010
0.284279 0.549520 0.111111
0.145069 0.373249 0.121212
0.605229 0.758975 0.131313
0.095727 0.398386 0.141414
0.026377 0.321819 0.151515
0.019845 0.059006 0.161616
0.182680 0.682861 0.171717
0.632249 0.049458 0.181818
0.561764 0.992278 0.191919
0.504551 0.186865 0.202020
0.741691 0.984141 0.212121
0.349552 0.819722 0.222222
0.607936 0.556344 0.232323
0.768455 0.766312 0.242424
0.341395 0.145393 0.252525
0.147669 0.850274 0.262626
0.116304 0.685541 0.272727
0.165869 0.485713 0.282828
0.108433 0.417095 0.292929
0.923866 0.448123 0.303030
0.378916 0.757279 0.313131
0.344823 0.704315 0.323232
0.069250 0.413162 0.333333
0.740318 0.995917 0.343434
0.689838 0.820803 0.353535
0.144972 0.166354 0.363636
0.806260 0.119671 0.373737
0.100063 0.095217 0.383838
0.343000 0.226666 0.393939
0.042022 0.924179 0.404040
0.534924 0.395724 0.414141
0.392262 0.676359 0.424242
0.970030 0.222117 0.434343
0.726350 0.104369 0.444444
0.723622 0.613219 0.454545
0.064698 0.245581 0.464646
0.228874 0.536254 0.474747
0.708436 0.537684 0.484848
0.722140 0.856126 0.494949
0.914476 0.174058 0.505051
0.267479 0.554630 0.515152
0.245256 0.033374 0.525253
0.546954 0.673885 0.535354
0.823210 0.861206 0.545455
0.733697 0.716192 0.555556
0.288922 0.233713 0.565657
0.521124 0.434321 0.575758
0.287368 0.317807 0.585859
0.459661 0.249130 0.595960
0.755991 0.328569 0.606061
0.069663 0.382641 0.616162
0.059858 0.154516 0.626263
0.685283 0.559820 0.636364
0.975602 0.618424 0.646465
0.432024 0.097190 0.656566
0.501176 0.845840 0.666667
0.112831 0.470670 0.676768
0.926516 0.844476 0.686869
0.225101 0.446683 0.696970
0.257569 0.790765 0.707071
0.182491 0.602809 0.717172
0.673724 0.959681 0.727273
0.953407 0.409139 0.737374
0.807325 0.171335 0.747475
0.384425 0.716389 0.757576
0.373237 0.029072 0.767677
0.828215 0.763508 0.777778
0.898669 0.691035 0.787879
0.082576 0.094550 0.797980
0.049935 0.641079 0.808081
0.464449 0.882233 0.818182
0.547781 0.126653 0.828283
0.533415 0.572244 0.838384
0.887981 0.910577 0.848485
0.951896 0.949949 0.858586
0.435154 0.110644 0.868687
0.354318 0.655983 0.878788
0.608493 0.280398 0.888889
0.760454 0.594020 0.898990
0.862604 0.625799 0.909091
0.102569 0.179036 0.919192
0.848133 0.947449 0.929293
0.237537 0.353533 0.939394
0.750128 0.799465 0.949495
0.307761 0.814303 0.959596
0.468828 0.459409 0.969697
0.593797 0.931754 0.979798
0.186846 0.790046 0.989899
0.242424 0.320027 1.000000
