9.516834630855067756e-01 3.590272712708251213e-01 0.000000000000000000e+00
7.549409186985608367e-01 9.948902700419259837e-02 1.000000000000000000e+00
4.395286628525139072e-01 9.735434950796412190e-01 0.000000000000000000e+00
2.254902715032710558e-01 2.611926349114812584e-02 0.000000000000000000e+00
4.345813910839735339e-02 5.457635427343330292e-01 0.000000000000000000e+00
5.625579785092602592e-01 8.300504907043038116e-02 0.000000000000000000e+00
7.384280114316630339e-01 1.215498621892540099e-01 1.000000000000000000e+00
4.547961396510850074e-01 1.219756855978291199e-01 1.000000000000000000e+00
3.612558388202834481e-01 9.360013061855571026e-01 1.000000000000000000e+00
5.806201419625969251e-01 5.940429317354763983e-01 1.000000000000000000e+00
3.639647043704357099e-01 5.205731105383543111e-01 0.000000000000000000e+00
1.064338936795035107e-01 7.895144620452280160e-01 1.000000000000000000e+00
2.045406462676024884e-01 8.824394794281962273e-01 0.000000000000000000e+00
6.204576606469619504e-01 7.342108818243811008e-01 0.000000000000000000e+00
1.741848220992573415e-01 6.505687377628012191e-01 1.000000000000000000e+00
7.628417889762564297e-01 4.837420310000042356e-01 1.000000000000000000e+00
4.274596614591409383e-01 1.420809690288982186e-01 1.000000000000000000e+00
9.758909824427884905e-01 5.727668591185443026e-01 1.000000000000000000e+00
4.123833745219570579e-01 9.019182936372748260e-01 0.000000000000000000e+00
4.980070572909125470e-01 6.627615185580861823e-01 0.000000000000000000e+00
3.486707554370183093e-02 8.238726916212931739e-01 1.000000000000000000e+00
8.752039404660139077e-02 4.642964141258821842e-01 1.000000000000000000e+00
2.404328770248843616e-01 7.591997285862395195e-01 0.000000000000000000e+00
3.964559877293620804e-01 3.531180911891849128e-01 0.000000000000000000e+00
6.126991046721237399e-01 9.582778059368173285e-01 1.000000000000000000e+00
2.995796789800657667e-01 8.038990595647421689e-01 1.000000000000000000e+00
3.469864959966880713e-01 1.293711567169205656e-01 1.000000000000000000e+00
3.727939002356301934e-01 6.344120878242316408e-01 1.000000000000000000e+00
4.324463665445134053e-01 3.061106353436885419e-01 1.000000000000000000e+00
5.442366451367267599e-01 7.681170954714510168e-01 1.000000000000000000e+00
2.015337440198282648e-01 6.253789360909781658e-01 1.000000000000000000e+00
5.955290733667650827e-02 8.076203540574448114e-01 0.000000000000000000e+00
7.868648703226363006e-01 4.220590876907317490e-01 1.000000000000000000e+00
8.639027139233409480e-01 2.459572380417139881e-01 0.000000000000000000e+00
9.599359884904133944e-01 2.278028895469416115e-01 0.000000000000000000e+00
6.406756321163760148e-01 4.303191401432027163e-01 0.000000000000000000e+00
6.856414297508471867e-01 4.859012156935675897e-01 1.000000000000000000e+00
7.550836636298775550e-01 2.786711510748689502e-01 0.000000000000000000e+00
7.455201154656998508e-02 2.401132551498601497e-01 1.000000000000000000e+00
8.012735333912570646e-01 4.507636102182952520e-01 0.000000000000000000e+00
3.603390846341257836e-01 1.798815365548119827e-01 0.000000000000000000e+00
9.396506170939904479e-01 6.131597769032082201e-02 1.000000000000000000e+00
4.045583295474260987e-01 8.941991543117027152e-01 1.000000000000000000e+00
4.022466287956130149e-01 2.161654507483803389e-01 0.000000000000000000e+00
1.667729323823965437e-01 9.905365447211458285e-01 0.000000000000000000e+00
2.694191489862489686e-01 2.479109373885964862e-01 0.000000000000000000e+00
8.224587283181082897e-01 3.019841714239039909e-01 1.000000000000000000e+00
7.848736664179684075e-01 4.054133355496080116e-01 0.000000000000000000e+00
2.603351014740824532e-01 2.313557909575140181e-01 0.000000000000000000e+00
2.583531741425816319e-01 3.402745876474877473e-01 0.000000000000000000e+00
4.653696526065458361e-01 6.231119690517494814e-01 1.000000000000000000e+00
5.260377175436357078e-01 4.900184327588159583e-01 1.000000000000000000e+00
2.621213652305398600e-02 1.212224962838830411e-01 1.000000000000000000e+00
5.891095683280803685e-01 2.105414838419622514e-01 1.000000000000000000e+00
3.483208801387108755e-01 2.239805762449540438e-01 0.000000000000000000e+00
6.600690554081461991e-01 6.689914321385784790e-01 0.000000000000000000e+00
8.573801254377649839e-01 5.572549751260629236e-01 0.000000000000000000e+00
4.301020257955348036e-01 3.458115617922390417e-01 1.000000000000000000e+00
8.517458813806672024e-01 9.648282507162239119e-01 1.000000000000000000e+00
6.308946373597623669e-01 3.180034630908914473e-01 0.000000000000000000e+00
9.516588645389089107e-01 9.128752625839110513e-01 0.000000000000000000e+00
4.034758739168525787e-01 5.809875241171401639e-01 1.000000000000000000e+00
8.297129888814822607e-01 3.228374253826538087e-02 1.000000000000000000e+00
7.517775753874300637e-02 3.325307725347560472e-01 1.000000000000000000e+00
6.531994254629590602e-01 2.485583846015644305e-01 1.000000000000000000e+00
8.547031803368568825e-01 6.286444317162918072e-01 0.000000000000000000e+00
1.365851719077039172e-01 1.789498768530007888e-01 1.000000000000000000e+00
9.255621419537336525e-01 8.037035710074972306e-01 0.000000000000000000e+00
8.074020538813845294e-01 4.053476061358303184e-01 1.000000000000000000e+00
7.113129038999355114e-02 5.240573668521864015e-02 0.000000000000000000e+00
6.135862846275511595e-01 5.775949701653970703e-01 0.000000000000000000e+00
4.299965856257613739e-01 6.004083720883712783e-02 1.000000000000000000e+00
5.405580154108586832e-01 5.297269793803396354e-01 0.000000000000000000e+00
4.605335342997154413e-01 8.245419573359519250e-01 1.000000000000000000e+00
1.419308164492816271e-02 4.465117623533935154e-01 0.000000000000000000e+00
1.194799819714587041e-01 4.853237412253815775e-01 1.000000000000000000e+00
5.513797983126725866e-01 1.387221128989929442e-01 0.000000000000000000e+00
9.613426429821725350e-02 9.334410409379656492e-02 1.000000000000000000e+00
9.304691784566522239e-01 6.112198394905297150e-01 0.000000000000000000e+00
5.590164807255397772e-01 6.465211076380789068e-01 0.000000000000000000e+00
5.631163445410660717e-01 3.319435269978935343e-01 1.000000000000000000e+00
3.025424439738539917e-01 8.736116179196722342e-01 0.000000000000000000e+00
9.466558172663165349e-01 5.445079299045512133e-01 1.000000000000000000e+00
6.887926577417841090e-01 9.805156232395169091e-01 1.000000000000000000e+00
3.749687136044972391e-01 3.013027817387976537e-01 1.000000000000000000e+00
6.714523580009179593e-01 6.873948958052750191e-01 0.000000000000000000e+00
9.085115087846128423e-01 2.287051675917556315e-01 0.000000000000000000e+00
9.057026041234905733e-02 6.744827441978500371e-01 0.000000000000000000e+00
7.084621423070027735e-01 9.787837489937856184e-02 0.000000000000000000e+00
4.798924958970828269e-01 1.219465838395450419e-02 0.000000000000000000e+00
1.100666473856032335e-01 9.585266186904091157e-01 1.000000000000000000e+00
6.565716994016136399e-01 3.841383826287728676e-01 1.000000000000000000e+00
9.251613532862964506e-01 4.513983220688041476e-01 0.000000000000000000e+00
5.350914707942723281e-01 4.406190421143851843e-02 0.000000000000000000e+00
1.040314842552310104e-01 5.444250033930640997e-01 0.000000000000000000e+00
7.294900828161442474e-01 4.347927424358301041e-01 1.000000000000000000e+00
3.185681285364470039e-01 8.107050979663913415e-01 1.000000000000000000e+00
9.390827080166933571e-01 8.297658528666529421e-01 0.000000000000000000e+00
6.541172522695298808e-01 2.921261011003775110e-01 0.000000000000000000e+00
7.323403836639909015e-01 7.542352515346872899e-01 1.000000000000000000e+00
