5.000000e+02 0.000000e+00 0.000000e+00
4.755283e+02 1.545085e+02 0.000000e+00
4.045085e+02 2.938926e+02 0.000000e+00
2.938926e+02 4.045085e+02 0.000000e+00
1.545085e+02 4.755283e+02 0.000000e+00
3.061617e-14 5.000000e+02 0.000000e+00
-1.545085e+02 4.755283e+02 0.000000e+00
-2.938926e+02 4.045085e+02 0.000000e+00
-4.045085e+02 2.938926e+02 0.000000e+00
-4.755283e+02 1.545085e+02 0.000000e+00
-5.000000e+02 6.123234e-14 0.000000e+00
-4.755283e+02 -1.545085e+02 0.000000e+00
-4.045085e+02 -2.938926e+02 0.000000e+00
-2.938926e+02 -4.045085e+02 0.000000e+00
-1.545085e+02 -4.755283e+02 0.000000e+00
-9.184851e-14 -5.000000e+02 0.000000e+00
1.545085e+02 -4.755283e+02 0.000000e+00
2.938926e+02 -4.045085e+02 0.000000e+00
4.045085e+02 -2.938926e+02 0.000000e+00
4.755283e+02 -1.545085e+02 0.000000e+00
5.000000e+02 0.000000e+00 5.263158e+01
4.755283e+02 1.545085e+02 5.263158e+01
4.045085e+02 2.938926e+02 5.263158e+01
2.938926e+02 4.045085e+02 5.263158e+01
1.545085e+02 4.755283e+02 5.263158e+01
3.061617e-14 5.000000e+02 5.263158e+01
-1.545085e+02 4.755283e+02 5.263158e+01
-2.938926e+02 4.045085e+02 5.263158e+01
-4.045085e+02 2.938926e+02 5.263158e+01
-4.755283e+02 1.545085e+02 5.263158e+01
-5.000000e+02 6.123234e-14 5.263158e+01
-4.755283e+02 -1.545085e+02 5.263158e+01
-4.045085e+02 -2.938926e+02 5.263158e+01
-2.938926e+02 -4.045085e+02 5.263158e+01
-1.545085e+02 -4.755283e+02 5.263158e+01
-9.184851e-14 -5.000000e+02 5.263158e+01
1.545085e+02 -4.755283e+02 5.263158e+01
2.938926e+02 -4.045085e+02 5.263158e+01
4.045085e+02 -2.938926e+02 5.263158e+01
4.755283e+02 -1.545085e+02 5.263158e+01
5.000000e+02 0.000000e+00 1.052632e+02
4.755283e+02 1.545085e+02 1.052632e+02
4.045085e+02 2.938926e+02 1.052632e+02
2.938926e+02 4.045085e+02 1.052632e+02
1.545085e+02 4.755283e+02 1.052632e+02
3.061617e-14 5.000000e+02 1.052632e+02
-1.545085e+02 4.755283e+02 1.052632e+02
-2.938926e+02 4.045085e+02 1.052632e+02
-4.045085e+02 2.938926e+02 1.052632e+02
-4.755283e+02 1.545085e+02 1.052632e+02
-5.000000e+02 6.123234e-14 1.052632e+02
-4.755283e+02 -1.545085e+02 1.052632e+02
-4.045085e+02 -2.938926e+02 1.052632e+02
-2.938926e+02 -4.045085e+02 1.052632e+02
-1.545085e+02 -4.755283e+02 1.052632e+02
-9.184851e-14 -5.000000e+02 1.052632e+02
1.545085e+02 -4.755283e+02 1.052632e+02
2.938926e+02 -4.045085e+02 1.052632e+02
4.045085e+02 -2.938926e+02 1.052632e+02
4.755283e+02 -1.545085e+02 1.052632e+02
5.000000e+02 0.000000e+00 1.578947e+02
4.755283e+02 1.545085e+02 1.578947e+02
4.045085e+02 2.938926e+02 1.578947e+02
2.938926e+02 4.045085e+02 1.578947e+02
1.545085e+02 4.755283e+02 1.578947e+02
3.061617e-14 5.000000e+02 1.578947e+02
-1.545085e+02 4.755283e+02 1.578947e+02
-2.938926e+02 4.045085e+02 1.578947e+02
-4.045085e+02 2.938926e+02 1.578947e+02
-4.755283e+02 1.545085e+02 1.578947e+02
-5.000000e+02 6.123234e-14 1.578947e+02
-4.755283e+02 -1.545085e+02 1.578947e+02
-4.045085e+02 -2.938926e+02 1.578947e+02
-2.938926e+02 -4.045085e+02 1.578947e+02
-1.545085e+02 -4.755283e+02 1.578947e+02
-9.184851e-14 -5.000000e+02 1.578947e+02
1.545085e+02 -4.755283e+02 1.578947e+02
2.938926e+02 -4.045085e+02 1.578947e+02
4.045085e+02 -2.938926e+02 1.578947e+02
4.755283e+02 -1.545085e+02 1.578947e+02
5.000000e+02 0.000000e+00 2.105263e+02
4.755283e+02 1.545085e+02 2.105263e+02
4.045085e+02 2.938926e+02 2.105263e+02
2.938926e+02 4.045085e+02 2.105263e+02
1.545085e+02 4.755283e+02 2.105263e+02
3.061617e-14 5.000000e+02 2.105263e+02
-1.545085e+02 4.755283e+02 2.105263e+02
-2.938926e+02 4.045085e+02 2.105263e+02
-4.045085e+02 2.938926e+02 2.105263e+02
-4.755283e+02 1.545085e+02 2.105263e+02
-5.000000e+02 6.123234e-14 2.105263e+02
-4.755283e+02 -1.545085e+02 2.105263e+02
-4.045085e+02 -2.938926e+02 2.105263e+02
-2.938926e+02 -4.045085e+02 2.105263e+02
-1.545085e+02 -4.755283e+02 2.105263e+02
-9.184851e-14 -5.000000e+02 2.105263e+02
1.545085e+02 -4.755283e+02 2.105263e+02
2.938926e+02 -4.045085e+02 2.105263e+02
4.045085e+02 -2.938926e+02 2.105263e+02
4.755283e+02 -1.545085e+02 2.105263e+02
5.000000e+02 0.000000e+00 2.631579e+02
4.755283e+02 1.545085e+02 2.631579e+02
4.045085e+02 2.938926e+02 2.631579e+02
2.938926e+02 4.045085e+02 2.631579e+02
1.545085e+02 4.755283e+02 2.631579e+02
3.061617e-14 5.000000e+02 2.631579e+02
-1.545085e+02 4.755283e+02 2.631579e+02
-2.938926e+02 4.045085e+02 2.631579e+02
-4.045085e+02 2.938926e+02 2.631579e+02
-4.755283e+02 1.545085e+02 2.631579e+02
-5.000000e+02 6.123234e-14 2.631579e+02
-4.755283e+02 -1.545085e+02 2.631579e+02
-4.045085e+02 -2.938926e+02 2.631579e+02
-2.938926e+02 -4.045085e+02 2.631579e+02
-1.545085e+02 -4.755283e+02 2.631579e+02
-9.184851e-14 -5.000000e+02 2.631579e+02
1.545085e+02 -4.755283e+02 2.631579e+02
2.938926e+02 -4.045085e+02 2.631579e+02
4.045085e+02 -2.938926e+02 2.631579e+02
4.755283e+02 -1.545085e+02 2.631579e+02
5.000000e+02 0.000000e+00 3.157895e+02
4.755283e+02 1.545085e+02 3.157895e+02
4.045085e+02 2.938926e+02 3.157895e+02
2.938926e+02 4.045085e+02 3.157895e+02
1.545085e+02 4.755283e+02 3.157895e+02
3.061617e-14 5.000000e+02 3.157895e+02
-1.545085e+02 4.755283e+02 3.157895e+02
-2.938926e+02 4.045085e+02 3.157895e+02
-4.045085e+02 2.938926e+02 3.157895e+02
-4.755283e+02 1.545085e+02 3.157895e+02
-5.000000e+02 6.123234e-14 3.157895e+02
-4.755283e+02 -1.545085e+02 3.157895e+02
-4.045085e+02 -2.938926e+02 3.157895e+02
-2.938926e+02 -4.045085e+02 3.157895e+02
-1.545085e+02 -4.755283e+02 3.157895e+02
-9.184851e-14 -5.000000e+02 3.157895e+02
1.545085e+02 -4.755283e+02 3.157895e+02
2.938926e+02 -4.045085e+02 3.157895e+02
4.045085e+02 -2.938926e+02 3.157895e+02
4.755283e+02 -1.545085e+02 3.157895e+02
5.000000e+02 0.000000e+00 3.684211e+02
4.755283e+02 1.545085e+02 3.684211e+02
4.045085e+02 2.938926e+02 3.684211e+02
2.938926e+02 4.045085e+02 3.684211e+02
1.545085e+02 4.755283e+02 3.684211e+02
3.061617e-14 5.000000e+02 3.684211e+02
-1.545085e+02 4.755283e+02 3.684211e+02
-2.938926e+02 4.045085e+02 3.684211e+02
-4.045085e+02 2.938926e+02 3.684211e+02
-4.755283e+02 1.545085e+02 3.684211e+02
-5.000000e+02 6.123234e-14 3.684211e+02
-4.755283e+02 -1.545085e+02 3.684211e+02
-4.045085e+02 -2.938926e+02 3.684211e+02
-2.938926e+02 -4.045085e+02 3.684211e+02
-1.545085e+02 -4.755283e+02 3.684211e+02
-9.184851e-14 -5.000000e+02 3.684211e+02
1.545085e+02 -4.755283e+02 3.684211e+02
2.938926e+02 -4.045085e+02 3.684211e+02
4.045085e+02 -2.938926e+02 3.684211e+02
4.755283e+02 -1.545085e+02 3.684211e+02
5.000000e+02 0.000000e+00 4.210526e+02
4.755283e+02 1.545085e+02 4.210526e+02
4.045085e+02 2.938926e+02 4.210526e+02
2.938926e+02 4.045085e+02 4.210526e+02
1.545085e+02 4.755283e+02 4.210526e+02
3.061617e-14 5.000000e+02 4.210526e+02
-1.545085e+02 4.755283e+02 4.210526e+02
-2.938926e+02 4.045085e+02 4.210526e+02
-4.045085e+02 2.938926e+02 4.210526e+02
-4.755283e+02 1.545085e+02 4.210526e+02
-5.000000e+02 6.123234e-14 4.210526e+02
-4.755283e+02 -1.545085e+02 4.210526e+02
-4.045085e+02 -2.938926e+02 4.210526e+02
-2.938926e+02 -4.045085e+02 4.210526e+02
-1.545085e+02 -4.755283e+02 4.210526e+02
-9.184851e-14 -5.000000e+02 4.210526e+02
1.545085e+02 -4.755283e+02 4.210526e+02
2.938926e+02 -4.045085e+02 4.210526e+02
4.045085e+02 -2.938926e+02 4.210526e+02
4.755283e+02 -1.545085e+02 4.210526e+02
5.000000e+02 0.000000e+00 4.736842e+02
4.755283e+02 1.545085e+02 4.736842e+02
4.045085e+02 2.938926e+02 4.736842e+02
2.938926e+02 4.045085e+02 4.736842e+02
1.545085e+02 4.755283e+02 4.736842e+02
3.061617e-14 5.000000e+02 4.736842e+02
-1.545085e+02 4.755283e+02 4.736842e+02
-2.938926e+02 4.045085e+02 4.736842e+02
-4.045085e+02 2.938926e+02 4.736842e+02
-4.755283e+02 1.545085e+02 4.736842e+02
-5.000000e+02 6.123234e-14 4.736842e+02
-4.755283e+02 -1.545085e+02 4.736842e+02
-4.045085e+02 -2.938926e+02 4.736842e+02
-2.938926e+02 -4.045085e+02 4.736842e+02
-1.545085e+02 -4.755283e+02 4.736842e+02
-9.184851e-14 -5.000000e+02 4.736842e+02
1.545085e+02 -4.755283e+02 4.736842e+02
2.938926e+02 -4.045085e+02 4.736842e+02
4.045085e+02 -2.938926e+02 4.736842e+02
4.755283e+02 -1.545085e+02 4.736842e+02
5.000000e+02 0.000000e+00 5.263158e+02
4.755283e+02 1.545085e+02 5.263158e+02
4.045085e+02 2.938926e+02 5.263158e+02
2.938926e+02 4.045085e+02 5.263158e+02
1.545085e+02 4.755283e+02 5.263158e+02
3.061617e-14 5.000000e+02 5.263158e+02
-1.545085e+02 4.755283e+02 5.263158e+02
-2.938926e+02 4.045085e+02 5.263158e+02
-4.045085e+02 2.938926e+02 5.263158e+02
-4.755283e+02 1.545085e+02 5.263158e+02
-5.000000e+02 6.123234e-14 5.263158e+02
-4.755283e+02 -1.545085e+02 5.263158e+02
-4.045085e+02 -2.938926e+02 5.263158e+02
-2.938926e+02 -4.045085e+02 5.263158e+02
-1.545085e+02 -4.755283e+02 5.263158e+02
-9.184851e-14 -5.000000e+02 5.263158e+02
1.545085e+02 -4.755283e+02 5.263158e+02
2.938926e+02 -4.045085e+02 5.263158e+02
4.045085e+02 -2.938926e+02 5.263158e+02
4.755283e+02 -1.545085e+02 5.263158e+02
5.000000e+02 0.000000e+00 5.789474e+02
4.755283e+02 1.545085e+02 5.789474e+02
4.045085e+02 2.938926e+02 5.789474e+02
2.938926e+02 4.045085e+02 5.789474e+02
1.545085e+02 4.755283e+02 5.789474e+02
3.061617e-14 5.000000e+02 5.789474e+02
-1.545085e+02 4.755283e+02 5.789474e+02
-2.938926e+02 4.045085e+02 5.789474e+02
-4.045085e+02 2.938926e+02 5.789474e+02
-4.755283e+02 1.545085e+02 5.789474e+02
-5.000000e+02 6.123234e-14 5.789474e+02
-4.755283e+02 -1.545085e+02 5.789474e+02
-4.045085e+02 -2.938926e+02 5.789474e+02
-2.938926e+02 -4.045085e+02 5.789474e+02
-1.545085e+02 -4.755283e+02 5.789474e+02
-9.184851e-14 -5.000000e+02 5.789474e+02
1.545085e+02 -4.755283e+02 5.789474e+02
2.938926e+02 -4.045085e+02 5.789474e+02
4.045085e+02 -2.938926e+02 5.789474e+02
4.755283e+02 -1.545085e+02 5.789474e+02
5.000000e+02 0.000000e+00 6.315789e+02
4.755283e+02 1.545085e+02 6.315789e+02
4.045085e+02 2.938926e+02 6.315789e+02
2.938926e+02 4.045085e+02 6.315789e+02
1.545085e+02 4.755283e+02 6.315789e+02
3.061617e-14 5.000000e+02 6.315789e+02
-1.545085e+02 4.755283e+02 6.315789e+02
-2.938926e+02 4.045085e+02 6.315789e+02
-4.045085e+02 2.938926e+02 6.315789e+02
-4.755283e+02 1.545085e+02 6.315789e+02
-5.000000e+02 6.123234e-14 6.315789e+02
-4.755283e+02 -1.545085e+02 6.315789e+02
-4.045085e+02 -2.938926e+02 6.315789e+02
-2.938926e+02 -4.045085e+02 6.315789e+02
-1.545085e+02 -4.755283e+02 6.315789e+02
-9.184851e-14 -5.000000e+02 6.315789e+02
1.545085e+02 -4.755283e+02 6.315789e+02
2.938926e+02 -4.045085e+02 6.315789e+02
4.045085e+02 -2.938926e+02 6.315789e+02
4.755283e+02 -1.545085e+02 6.315789e+02
5.000000e+02 0.000000e+00 6.842105e+02
4.755283e+02 1.545085e+02 6.842105e+02
4.045085e+02 2.938926e+02 6.842105e+02
2.938926e+02 4.045085e+02 6.842105e+02
1.545085e+02 4.755283e+02 6.842105e+02
3.061617e-14 5.000000e+02 6.842105e+02
-1.545085e+02 4.755283e+02 6.842105e+02
-2.938926e+02 4.045085e+02 6.842105e+02
-4.045085e+02 2.938926e+02 6.842105e+02
-4.755283e+02 1.545085e+02 6.842105e+02
-5.000000e+02 6.123234e-14 6.842105e+02
-4.755283e+02 -1.545085e+02 6.842105e+02
-4.045085e+02 -2.938926e+02 6.842105e+02
-2.938926e+02 -4.045085e+02 6.842105e+02
-1.545085e+02 -4.755283e+02 6.842105e+02
-9.184851e-14 -5.000000e+02 6.842105e+02
1.545085e+02 -4.755283e+02 6.842105e+02
2.938926e+02 -4.045085e+02 6.842105e+02
4.045085e+02 -2.938926e+02 6.842105e+02
4.755283e+02 -1.545085e+02 6.842105e+02
5.000000e+02 0.000000e+00 7.368421e+02
4.755283e+02 1.545085e+02 7.368421e+02
4.045085e+02 2.938926e+02 7.368421e+02
2.938926e+02 4.045085e+02 7.368421e+02
1.545085e+02 4.755283e+02 7.368421e+02
3.061617e-14 5.000000e+02 7.368421e+02
-1.545085e+02 4.755283e+02 7.368421e+02
-2.938926e+02 4.045085e+02 7.368421e+02
-4.045085e+02 2.938926e+02 7.368421e+02
-4.755283e+02 1.545085e+02 7.368421e+02
-5.000000e+02 6.123234e-14 7.368421e+02
-4.755283e+02 -1.545085e+02 7.368421e+02
-4.045085e+02 -2.938926e+02 7.368421e+02
-2.938926e+02 -4.045085e+02 7.368421e+02
-1.545085e+02 -4.755283e+02 7.368421e+02
-9.184851e-14 -5.000000e+02 7.368421e+02
1.545085e+02 -4.755283e+02 7.368421e+02
2.938926e+02 -4.045085e+02 7.368421e+02
4.045085e+02 -2.938926e+02 7.368421e+02
4.755283e+02 -1.545085e+02 7.368421e+02
5.000000e+02 0.000000e+00 7.894737e+02
4.755283e+02 1.545085e+02 7.894737e+02
4.045085e+02 2.938926e+02 7.894737e+02
2.938926e+02 4.045085e+02 7.894737e+02
1.545085e+02 4.755283e+02 7.894737e+02
3.061617e-14 5.000000e+02 7.894737e+02
-1.545085e+02 4.755283e+02 7.894737e+02
-2.938926e+02 4.045085e+02 7.894737e+02
-4.045085e+02 2.938926e+02 7.894737e+02
-4.755283e+02 1.545085e+02 7.894737e+02
-5.000000e+02 6.123234e-14 7.894737e+02
-4.755283e+02 -1.545085e+02 7.894737e+02
-4.045085e+02 -2.938926e+02 7.894737e+02
-2.938926e+02 -4.045085e+02 7.894737e+02
-1.545085e+02 -4.755283e+02 7.894737e+02
-9.184851e-14 -5.000000e+02 7.894737e+02
1.545085e+02 -4.755283e+02 7.894737e+02
2.938926e+02 -4.045085e+02 7.894737e+02
4.045085e+02 -2.938926e+02 7.894737e+02
4.755283e+02 -1.545085e+02 7.894737e+02
5.000000e+02 0.000000e+00 8.421053e+02
4.755283e+02 1.545085e+02 8.421053e+02
4.045085e+02 2.938926e+02 8.421053e+02
2.938926e+02 4.045085e+02 8.421053e+02
1.545085e+02 4.755283e+02 8.421053e+02
3.061617e-14 5.000000e+02 8.421053e+02
-1.545085e+02 4.755283e+02 8.421053e+02
-2.938926e+02 4.045085e+02 8.421053e+02
-4.045085e+02 2.938926e+02 8.421053e+02
-4.755283e+02 1.545085e+02 8.421053e+02
-5.000000e+02 6.123234e-14 8.421053e+02
-4.755283e+02 -1.545085e+02 8.421053e+02
-4.045085e+02 -2.938926e+02 8.421053e+02
-2.938926e+02 -4.045085e+02 8.421053e+02
-1.545085e+02 -4.755283e+02 8.421053e+02
-9.184851e-14 -5.000000e+02 8.421053e+02
1.545085e+02 -4.755283e+02 8.421053e+02
2.938926e+02 -4.045085e+02 8.421053e+02
4.045085e+02 -2.938926e+02 8.421053e+02
4.755283e+02 -1.545085e+02 8.421053e+02
5.000000e+02 0.000000e+00 8.947368e+02
4.755283e+02 1.545085e+02 8.947368e+02
4.045085e+02 2.938926e+02 8.947368e+02
2.938926e+02 4.045085e+02 8.947368e+02
1.545085e+02 4.755283e+02 8.947368e+02
3.061617e-14 5.000000e+02 8.947368e+02
-1.545085e+02 4.755283e+02 8.947368e+02
-2.938926e+02 4.045085e+02 8.947368e+02
-4.045085e+02 2.938926e+02 8.947368e+02
-4.755283e+02 1.545085e+02 8.947368e+02
-5.000000e+02 6.123234e-14 8.947368e+02
-4.755283e+02 -1.545085e+02 8.947368e+02
-4.045085e+02 -2.938926e+02 8.947368e+02
-2.938926e+02 -4.045085e+02 8.947368e+02
-1.545085e+02 -4.755283e+02 8.947368e+02
-9.184851e-14 -5.000000e+02 8.947368e+02
1.545085e+02 -4.755283e+02 8.947368e+02
2.938926e+02 -4.045085e+02 8.947368e+02
4.045085e+02 -2.938926e+02 8.947368e+02
4.755283e+02 -1.545085e+02 8.947368e+02
5.000000e+02 0.000000e+00 9.473684e+02
4.755283e+02 1.545085e+02 9.473684e+02
4.045085e+02 2.938926e+02 9.473684e+02
2.938926e+02 4.045085e+02 9.473684e+02
1.545085e+02 4.755283e+02 9.473684e+02
3.061617e-14 5.000000e+02 9.473684e+02
-1.545085e+02 4.755283e+02 9.473684e+02
-2.938926e+02 4.045085e+02 9.473684e+02
-4.045085e+02 2.938926e+02 9.473684e+02
-4.755283e+02 1.545085e+02 9.473684e+02
-5.000000e+02 6.123234e-14 9.473684e+02
-4.755283e+02 -1.545085e+02 9.473684e+02
-4.045085e+02 -2.938926e+02 9.473684e+02
-2.938926e+02 -4.045085e+02 9.473684e+02
-1.545085e+02 -4.755283e+02 9.473684e+02
-9.184851e-14 -5.000000e+02 9.473684e+02
1.545085e+02 -4.755283e+02 9.473684e+02
2.938926e+02 -4.045085e+02 9.473684e+02
4.045085e+02 -2.938926e+02 9.473684e+02
4.755283e+02 -1.545085e+02 9.473684e+02
5.000000e+02 0.000000e+00 1.000000e+03
4.755283e+02 1.545085e+02 1.000000e+03
4.045085e+02 2.938926e+02 1.000000e+03
2.938926e+02 4.045085e+02 1.000000e+03
1.545085e+02 4.755283e+02 1.000000e+03
3.061617e-14 5.000000e+02 1.000000e+03
-1.545085e+02 4.755283e+02 1.000000e+03
-2.938926e+02 4.045085e+02 1.000000e+03
-4.045085e+02 2.938926e+02 1.000000e+03
-4.755283e+02 1.545085e+02 1.000000e+03
-5.000000e+02 6.123234e-14 1.000000e+03
-4.755283e+02 -1.545085e+02 1.000000e+03
-4.045085e+02 -2.938926e+02 1.000000e+03
-2.938926e+02 -4.045085e+02 1.000000e+03
-1.545085e+02 -4.755283e+02 1.000000e+03
-9.184851e-14 -5.000000e+02 1.000000e+03
1.545085e+02 -4.755283e+02 1.000000e+03
2.938926e+02 -4.045085e+02 1.000000e+03
4.045085e+02 -2.938926e+02 1.000000e+03
4.755283e+02 -1.545085e+02 1.000000e+03
