4.479791e+02 3.174861e+01 -1.819003e+00
4.252622e+02 1.019759e+02 -1.819003e+00
4.378881e+02 3.165671e+02 -1.819003e+00
3.217194e+02 4.970171e+02 -1.819003e+00
1.428260e+02 5.701348e+02 -1.819003e+00
4.666180e+01 5.859888e+02 -1.819003e+00
-2.157550e+02 5.579898e+02 -1.819003e+00
-2.900480e+02 4.004159e+02 -1.819003e+00
-3.647249e+02 2.999499e+02 -1.819003e+00
-4.188180e+02 1.429034e+02 -1.819003e+00
-4.993259e+02 4.844264e+01 -1.819003e+00
-4.193397e+02 -1.693498e+02 -1.819003e+00
-4.123212e+02 -2.472551e+02 -1.819003e+00
-3.010883e+02 -3.669628e+02 -1.819003e+00
-1.278609e+02 -5.768734e+02 -1.819003e+00
3.172810e+01 -4.943132e+02 -1.819003e+00
1.220252e+02 -4.628534e+02 -1.819003e+00
3.490540e+02 -4.456761e+02 -1.819003e+00
4.188373e+02 -3.215174e+02 -1.819003e+00
5.014741e+02 -1.827325e+02 -1.819003e+00
5.517405e+02 3.770878e+01 -2.991762e+01
4.855364e+02 1.144947e+02 -2.991762e+01
4.333574e+02 3.161669e+02 -2.991762e+01
2.448670e+02 4.063043e+02 -2.991762e+01
1.395268e+02 4.295680e+02 -2.991762e+01
2.317681e+01 4.775943e+02 -2.991762e+01
-1.321458e+02 5.375872e+02 -2.991762e+01
-2.894797e+02 4.403106e+02 -2.991762e+01
-3.869085e+02 2.782828e+02 -2.991762e+01
-3.912195e+02 1.144315e+02 -2.991762e+01
-5.354897e+02 4.202551e+01 -2.991762e+01
-4.877016e+02 -1.318182e+02 -2.991762e+01
-3.263076e+02 -2.908757e+02 -2.991762e+01
-2.374278e+02 -3.559065e+02 -2.991762e+01
-1.544183e+02 -5.776854e+02 -2.991762e+01
-2.854836e+01 -4.233987e+02 -2.991762e+01
1.141419e+02 -4.771639e+02 -2.991762e+01
2.912949e+02 -3.358841e+02 -2.991762e+01
4.060308e+02 -2.915509e+02 -2.991762e+01
5.198425e+02 -1.512274e+02 -2.991762e+01
5.936786e+02 5.038052e+01 2.540940e+01
4.250102e+02 1.783996e+02 2.540940e+01
3.666495e+02 2.945987e+02 2.540940e+01
2.476533e+02 3.936835e+02 2.540940e+01
2.317485e+02 5.417030e+02 2.540940e+01
1.010954e+01 4.040710e+02 2.540940e+01
-1.933940e+02 5.142972e+02 2.540940e+01
-3.272849e+02 3.794489e+02 2.540940e+01
-3.541133e+02 2.183492e+02 2.540940e+01
-4.131383e+02 1.420932e+02 2.540940e+01
-4.632993e+02 -4.214200e+01 2.540940e+01
-5.368693e+02 -1.819926e+02 2.540940e+01
-3.604497e+02 -2.571909e+02 2.540940e+01
-3.030350e+02 -3.578994e+02 2.540940e+01
-1.584531e+02 -3.712126e+02 2.540940e+01
-1.417152e+01 -5.155459e+02 2.540940e+01
1.973055e+02 -4.787119e+02 2.540940e+01
3.347150e+02 -4.064014e+02 2.540940e+01
4.521669e+02 -3.357185e+02 2.540940e+01
4.458289e+02 -1.957522e+02 2.540940e+01
4.425625e+02 -8.361175e+00 9.958124e+01
4.928259e+02 1.328044e+02 9.958124e+01
4.284472e+02 3.665788e+02 9.958124e+01
3.035827e+02 4.072185e+02 9.958124e+01
1.743161e+02 4.634674e+02 9.958124e+01
9.985468e+00 5.551550e+02 9.958124e+01
-1.563649e+02 3.844895e+02 9.958124e+01
-2.484852e+02 3.841189e+02 9.958124e+01
-4.676490e+02 2.836550e+02 9.958124e+01
-5.304034e+02 1.359679e+02 9.958124e+01
-4.842257e+02 1.106909e+00 9.958124e+01
-4.216844e+02 -1.222615e+02 9.958124e+01
-3.056648e+02 -2.618797e+02 9.958124e+01
-3.335423e+02 -4.904649e+02 9.958124e+01
-1.823296e+02 -5.708160e+02 9.958124e+01
-3.108692e+01 -5.821526e+02 9.958124e+01
1.431890e+02 -4.026764e+02 9.958124e+01
2.443814e+02 -3.446637e+02 9.958124e+01
4.639005e+02 -2.910808e+02 9.958124e+01
5.170060e+02 -1.395522e+02 9.958124e+01
4.452299e+02 -1.647923e+01 1.790646e+02
5.610901e+02 1.530719e+02 1.790646e+02
4.347350e+02 3.247715e+02 1.790646e+02
2.562846e+02 3.711933e+02 1.790646e+02
1.384108e+02 4.920385e+02 1.790646e+02
3.025054e+01 5.052933e+02 1.790646e+02
-1.389328e+02 4.682238e+02 1.790646e+02
-3.862415e+02 4.567117e+02 1.790646e+02
-3.270081e+02 2.581559e+02 1.790646e+02
-5.257702e+02 1.669623e+02 1.790646e+02
-4.275723e+02 -2.777066e+01 1.790646e+02
-5.036387e+02 -2.093917e+02 1.790646e+02
-3.890513e+02 -2.492635e+02 1.790646e+02
-3.105409e+02 -4.335911e+02 1.790646e+02
-1.634608e+02 -3.905093e+02 1.790646e+02
4.302723e+01 -5.163174e+02 1.790646e+02
1.639459e+02 -5.688735e+02 1.790646e+02
2.209677e+02 -3.563479e+02 1.790646e+02
3.496134e+02 -2.876006e+02 1.790646e+02
3.920300e+02 -8.644827e+01 1.790646e+02
5.985621e+02 2.190356e+01 2.669536e+02
5.053004e+02 1.966151e+02 2.669536e+02
3.419853e+02 2.296056e+02 2.669536e+02
3.230877e+02 4.038769e+02 2.669536e+02
1.571116e+02 4.839851e+02 2.669536e+02
-4.395636e+01 4.690718e+02 2.669536e+02
-2.171971e+02 5.157988e+02 2.669536e+02
-3.372437e+02 4.344786e+02 2.669536e+02
-3.081185e+02 2.643387e+02 2.669536e+02
-5.076842e+02 2.144592e+02 2.669536e+02
-4.724659e+02 4.885642e+00 2.669536e+02
-3.882952e+02 -1.650800e+02 2.669536e+02
-3.332327e+02 -2.395925e+02 2.669536e+02
-3.298774e+02 -3.742847e+02 2.669536e+02
-1.601700e+02 -5.550088e+02 2.669536e+02
1.347109e+01 -4.204166e+02 2.669536e+02
1.760867e+02 -5.417864e+02 2.669536e+02
2.893646e+02 -4.160323e+02 2.669536e+02
3.472167e+02 -2.656802e+02 2.669536e+02
4.693270e+02 -1.777463e+02 2.669536e+02
4.394286e+02 4.272812e+01 2.725607e+02
4.337445e+02 1.885420e+02 2.725607e+02
4.600713e+02 2.779531e+02 2.725607e+02
2.810039e+02 3.437329e+02 2.725607e+02
1.044728e+02 4.779739e+02 2.725607e+02
-3.945474e+01 5.184887e+02 2.725607e+02
-2.149347e+02 5.044643e+02 2.725607e+02
-2.646018e+02 3.724203e+02 2.725607e+02
-3.690040e+02 3.288384e+02 2.725607e+02
-4.551398e+02 1.703759e+02 2.725607e+02
-5.212669e+02 -4.202565e+01 2.725607e+02
-5.189641e+02 -1.747878e+02 2.725607e+02
-4.549330e+02 -3.271781e+02 2.725607e+02
-2.912624e+02 -4.631965e+02 2.725607e+02
-1.359086e+02 -5.778574e+02 2.725607e+02
2.981773e+01 -4.028487e+02 2.725607e+02
1.297009e+02 -4.791588e+02 2.725607e+02
3.551937e+02 -4.456227e+02 2.725607e+02
3.706603e+02 -2.980257e+02 2.725607e+02
4.448346e+02 -1.163167e+02 2.725607e+02
3.999636e+02 2.938874e+01 3.145284e+02
4.619211e+02 1.431323e+02 3.145284e+02
4.593563e+02 2.720321e+02 3.145284e+02
2.536185e+02 4.096621e+02 3.145284e+02
1.285584e+02 4.462618e+02 3.145284e+02
-4.310636e+01 4.498463e+02 3.145284e+02
-1.166723e+02 4.564716e+02 3.145284e+02
-2.700049e+02 3.985448e+02 3.145284e+02
-3.731110e+02 3.196690e+02 3.145284e+02
-5.112512e+02 1.327429e+02 3.145284e+02
-5.058950e+02 3.874020e+01 3.145284e+02
-5.409170e+02 -1.526069e+02 3.145284e+02
-4.604634e+02 -2.973082e+02 3.145284e+02
-2.620558e+02 -3.178072e+02 3.145284e+02
-1.152079e+02 -4.930737e+02 3.145284e+02
-2.614998e+01 -4.501717e+02 3.145284e+02
1.542395e+02 -3.796288e+02 3.145284e+02
2.913648e+02 -3.412470e+02 3.145284e+02
4.370801e+02 -2.867780e+02 3.145284e+02
5.529004e+02 -1.875365e+02 3.145284e+02
5.080525e+02 -1.256543e+01 4.822850e+02
5.633627e+02 1.402283e+02 4.822850e+02
3.111651e+02 2.752913e+02 4.822850e+02
3.151614e+02 4.163126e+02 4.822850e+02
1.160828e+02 4.149595e+02 4.822850e+02
-2.959325e+01 5.047146e+02 4.822850e+02
-1.719753e+02 5.583459e+02 4.822850e+02
-2.710585e+02 4.109084e+02 4.822850e+02
-4.514839e+02 3.029269e+02 4.822850e+02
-4.293812e+02 1.842891e+02 4.822850e+02
-5.992693e+02 -1.238253e+01 4.822850e+02
-5.573082e+02 -2.023463e+02 4.822850e+02
-3.159144e+02 -2.811710e+02 4.822850e+02
-2.875764e+02 -3.874403e+02 4.822850e+02
-1.452039e+02 -4.643096e+02 4.822850e+02
6.628566e-01 -5.336517e+02 4.822850e+02
1.514353e+02 -5.241813e+02 4.822850e+02
2.789849e+02 -3.147146e+02 4.822850e+02
4.448596e+02 -2.933208e+02 4.822850e+02
4.363921e+02 -1.544743e+02 4.822850e+02
5.395945e+02 4.868980e+01 3.812966e+02
4.552450e+02 1.396361e+02 3.812966e+02
4.013025e+02 3.273892e+02 3.812966e+02
2.329195e+02 3.881086e+02 3.812966e+02
1.217969e+02 3.972261e+02 3.812966e+02
-4.700430e+00 5.191520e+02 3.812966e+02
-1.536396e+02 5.256092e+02 3.812966e+02
-2.507731e+02 3.767771e+02 3.812966e+02
-3.410110e+02 2.506037e+02 3.812966e+02
-4.838589e+02 1.955858e+02 3.812966e+02
-4.674013e+02 -3.108709e+01 3.812966e+02
-5.292777e+02 -1.392793e+02 3.812966e+02
-4.340118e+02 -2.946641e+02 3.812966e+02
-3.222765e+02 -4.700417e+02 3.812966e+02
-1.064519e+02 -4.751257e+02 3.812966e+02
8.109552e+00 -4.161911e+02 3.812966e+02
1.550015e+02 -5.189565e+02 3.812966e+02
2.574094e+02 -3.705585e+02 3.812966e+02
4.317549e+02 -2.657488e+02 3.812966e+02
4.607525e+02 -1.725530e+02 3.812966e+02
5.198655e+02 3.578068e+01 6.151888e+02
4.382491e+02 1.847311e+02 6.151888e+02
3.876068e+02 3.286388e+02 6.151888e+02
3.318388e+02 4.195386e+02 6.151888e+02
1.860261e+02 5.195086e+02 6.151888e+02
2.466314e+01 5.620793e+02 6.151888e+02
-1.357672e+02 3.935193e+02 6.151888e+02
-2.707380e+02 3.264629e+02 6.151888e+02
-3.670491e+02 2.386871e+02 6.151888e+02
-3.942009e+02 1.203759e+02 6.151888e+02
-4.342307e+02 3.283303e+01 6.151888e+02
-4.756422e+02 -1.071152e+02 6.151888e+02
-4.764290e+02 -3.392234e+02 6.151888e+02
-2.418820e+02 -3.618323e+02 6.151888e+02
-1.383538e+02 -3.846583e+02 6.151888e+02
-5.548540e+00 -5.531846e+02 6.151888e+02
1.125800e+02 -4.656667e+02 6.151888e+02
2.896538e+02 -3.593124e+02 6.151888e+02
3.773355e+02 -2.873826e+02 6.151888e+02
5.041508e+02 -1.940155e+02 6.151888e+02
4.280202e+02 -1.122583e+01 6.063170e+02
5.457663e+02 2.192363e+02 6.063170e+02
4.190543e+02 3.730824e+02 6.063170e+02
2.649654e+02 4.163226e+02 6.063170e+02
2.271539e+02 5.245085e+02 6.063170e+02
-1.528651e+01 5.687352e+02 6.063170e+02
-1.044590e+02 4.010563e+02 6.063170e+02
-3.528650e+02 4.255099e+02 6.063170e+02
-4.012625e+02 2.611124e+02 6.063170e+02
-4.013111e+02 1.298427e+02 6.063170e+02
-4.737000e+02 -1.277024e+00 6.063170e+02
-4.170654e+02 -1.645278e+02 6.063170e+02
-3.910941e+02 -2.661498e+02 6.063170e+02
-2.787122e+02 -3.160824e+02 6.063170e+02
-1.992662e+02 -4.772167e+02 6.063170e+02
1.061944e+01 -5.880525e+02 6.063170e+02
1.920194e+02 -4.767955e+02 6.063170e+02
3.267426e+02 -4.976112e+02 6.063170e+02
4.168123e+02 -2.999161e+02 6.063170e+02
5.058022e+02 -2.140791e+02 6.063170e+02
4.809268e+02 1.484392e+01 5.436049e+02
5.277993e+02 1.179042e+02 5.436049e+02
4.756374e+02 2.895322e+02 5.436049e+02
2.121718e+02 3.453659e+02 5.436049e+02
1.157419e+02 4.733609e+02 5.436049e+02
-3.201396e+01 4.028152e+02 5.436049e+02
-1.839484e+02 4.700609e+02 5.436049e+02
-2.484993e+02 4.050554e+02 5.436049e+02
-4.201753e+02 2.812696e+02 5.436049e+02
-4.747019e+02 1.595513e+02 5.436049e+02
-4.420826e+02 -4.380153e+01 5.436049e+02
-5.233469e+02 -2.008441e+02 5.436049e+02
-4.398426e+02 -2.848779e+02 5.436049e+02
-2.312699e+02 -3.400395e+02 5.436049e+02
-1.614847e+02 -5.137843e+02 5.436049e+02
1.546584e+01 -4.558970e+02 5.436049e+02
1.587913e+02 -3.858985e+02 5.436049e+02
3.063936e+02 -4.339321e+02 5.436049e+02
3.755735e+02 -2.277560e+02 5.436049e+02
4.418069e+02 -1.052900e+02 5.436049e+02
4.491442e+02 -3.207195e+01 7.292210e+02
4.409750e+02 1.588956e+02 7.292210e+02
3.279296e+02 2.328724e+02 7.292210e+02
2.925896e+02 4.576793e+02 7.292210e+02
1.279241e+02 4.582114e+02 7.292210e+02
1.463355e+01 4.594381e+02 7.292210e+02
-1.421700e+02 5.027637e+02 7.292210e+02
-3.509010e+02 4.089978e+02 7.292210e+02
-4.723432e+02 3.696661e+02 7.292210e+02
-4.796805e+02 2.045105e+02 7.292210e+02
-5.835444e+02 -2.563287e+01 7.292210e+02
-4.024177e+02 -1.600498e+02 7.292210e+02
-3.482621e+02 -2.255076e+02 7.292210e+02
-3.200202e+02 -3.873920e+02 7.292210e+02
-1.633645e+02 -4.273642e+02 7.292210e+02
1.287756e+01 -4.724593e+02 7.292210e+02
1.115607e+02 -4.749698e+02 7.292210e+02
2.654012e+02 -3.116550e+02 7.292210e+02
3.582130e+02 -2.919943e+02 7.292210e+02
5.283229e+02 -2.009147e+02 7.292210e+02
4.442174e+02 1.576780e+01 7.684697e+02
4.100877e+02 1.071748e+02 7.684697e+02
4.172605e+02 3.706766e+02 7.684697e+02
3.306063e+02 4.438121e+02 7.684697e+02
1.845454e+02 5.072412e+02 7.684697e+02
-4.494161e+01 5.017967e+02 7.684697e+02
-1.723166e+02 5.155210e+02 7.684697e+02
-2.736665e+02 4.550297e+02 7.684697e+02
-4.476488e+02 3.720514e+02 7.684697e+02
-4.786097e+02 1.260001e+02 7.684697e+02
-4.867214e+02 -1.334593e+01 7.684697e+02
-4.136651e+02 -1.486538e+02 7.684697e+02
-3.482791e+02 -3.083701e+02 7.684697e+02
-3.134301e+02 -3.843125e+02 7.684697e+02
-1.895237e+02 -4.547540e+02 7.684697e+02
-1.488951e+01 -4.927330e+02 7.684697e+02
1.625937e+02 -4.725398e+02 7.684697e+02
3.264031e+02 -4.931291e+02 7.684697e+02
4.349140e+02 -3.437032e+02 7.684697e+02
5.549402e+02 -2.254250e+02 7.684697e+02
5.605393e+02 1.796359e+01 7.833757e+02
5.779542e+02 1.475856e+02 7.833757e+02
3.567750e+02 2.540336e+02 7.833757e+02
2.375826e+02 3.875626e+02 7.833757e+02
1.409064e+02 4.896600e+02 7.833757e+02
2.733397e+01 5.290215e+02 7.833757e+02
-1.810450e+02 5.686638e+02 7.833757e+02
-3.449924e+02 4.401222e+02 7.833757e+02
-3.475135e+02 2.690941e+02 7.833757e+02
-4.736939e+02 1.795389e+02 7.833757e+02
-5.052976e+02 -2.000249e+01 7.833757e+02
-5.468975e+02 -2.264188e+02 7.833757e+02
-4.103903e+02 -3.188865e+02 7.833757e+02
-2.753585e+02 -4.534661e+02 7.833757e+02
-1.603228e+02 -4.663397e+02 7.833757e+02
2.841056e+01 -4.508281e+02 7.833757e+02
1.478037e+02 -5.807367e+02 7.833757e+02
2.288806e+02 -3.512580e+02 7.833757e+02
3.410277e+02 -2.701959e+02 7.833757e+02
4.827898e+02 -1.404118e+02 7.833757e+02
5.407378e+02 4.220419e+01 9.041395e+02
3.913537e+02 1.479302e+02 9.041395e+02
3.129182e+02 2.625940e+02 9.041395e+02
2.700641e+02 4.215772e+02 9.041395e+02
1.440742e+02 3.950654e+02 9.041395e+02
-1.479685e+01 5.904581e+02 9.041395e+02
-1.478364e+02 5.368830e+02 9.041395e+02
-3.284798e+02 3.960576e+02 9.041395e+02
-4.429793e+02 3.452871e+02 9.041395e+02
-5.518997e+02 2.184609e+02 9.041395e+02
-5.838629e+02 6.183779e+00 9.041395e+02
-4.414512e+02 -1.284770e+02 9.041395e+02
-4.338355e+02 -3.194811e+02 9.041395e+02
-3.033396e+02 -3.776526e+02 9.041395e+02
-1.044499e+02 -4.517363e+02 9.041395e+02
1.704033e+01 -5.104723e+02 9.041395e+02
1.218209e+02 -4.428526e+02 9.041395e+02
2.882600e+02 -3.277601e+02 9.041395e+02
4.369311e+02 -2.932478e+02 9.041395e+02
5.230937e+02 -1.310636e+02 9.041395e+02
5.247352e+02 -2.416547e+01 8.857777e+02
5.080934e+02 2.215707e+02 8.857777e+02
3.869726e+02 3.129912e+02 8.857777e+02
3.007944e+02 4.576923e+02 8.857777e+02
1.433951e+02 5.411171e+02 8.857777e+02
-2.745776e+01 4.410096e+02 8.857777e+02
-1.173089e+02 4.408627e+02 8.857777e+02
-2.892092e+02 3.390968e+02 8.857777e+02
-4.531112e+02 2.690985e+02 8.857777e+02
-4.494462e+02 1.679759e+02 8.857777e+02
-4.534508e+02 1.678057e+01 8.857777e+02
-4.938436e+02 -2.083684e+02 8.857777e+02
-3.258849e+02 -2.709914e+02 8.857777e+02
-3.528562e+02 -4.103096e+02 8.857777e+02
-1.572660e+02 -5.239182e+02 8.857777e+02
-4.362621e+01 -4.816519e+02 8.857777e+02
1.576203e+02 -4.976842e+02 8.857777e+02
3.043057e+02 -4.429979e+02 8.857777e+02
3.842753e+02 -3.425278e+02 8.857777e+02
5.003435e+02 -1.364585e+02 8.857777e+02
4.844242e+02 3.773500e+01 1.014379e+03
4.799354e+02 1.531130e+02 1.014379e+03
4.233541e+02 3.539781e+02 1.014379e+03
2.351856e+02 3.763570e+02 1.014379e+03
1.666312e+02 4.565057e+02 1.014379e+03
1.073349e+01 4.338087e+02 1.014379e+03
-1.634546e+02 5.045367e+02 1.014379e+03
-2.606416e+02 3.180237e+02 1.014379e+03
-4.271577e+02 3.385321e+02 1.014379e+03
-4.269909e+02 9.984674e+01 1.014379e+03
-4.158010e+02 1.116973e+01 1.014379e+03
-4.813641e+02 -1.927800e+02 1.014379e+03
-4.203990e+02 -3.001062e+02 1.014379e+03
-2.657962e+02 -3.526853e+02 1.014379e+03
-1.982872e+02 -4.627796e+02 1.014379e+03
2.028626e+01 -5.493890e+02 1.014379e+03
1.402867e+02 -3.768541e+02 1.014379e+03
3.032445e+02 -4.409276e+02 1.014379e+03
3.768426e+02 -3.248951e+02 1.014379e+03
4.574377e+02 -1.804785e+02 1.014379e+03
4.651839e+02 2.302663e+01 1.018734e+03
4.644514e+02 1.312996e+02 1.018734e+03
3.391476e+02 2.970237e+02 1.018734e+03
2.096584e+02 3.487714e+02 1.018734e+03
1.150095e+02 4.839420e+02 1.018734e+03
2.149639e+00 4.838512e+02 1.018734e+03
-1.885856e+02 5.199444e+02 1.018734e+03
-2.914374e+02 3.777314e+02 1.018734e+03
-4.345011e+02 3.091915e+02 1.018734e+03
-4.059066e+02 1.021807e+02 1.018734e+03
-4.569020e+02 2.714281e+01 1.018734e+03
-4.355157e+02 -1.308463e+02 1.018734e+03
-4.309485e+02 -3.600152e+02 1.018734e+03
-2.936104e+02 -4.404730e+02 1.018734e+03
-9.656677e+01 -4.144911e+02 1.018734e+03
9.689362e+00 -4.457287e+02 1.018734e+03
1.448948e+02 -4.378868e+02 1.018734e+03
3.052841e+02 -4.248399e+02 1.018734e+03
3.570137e+02 -2.494207e+02 1.018734e+03
4.072284e+02 -1.596916e+02 1.018734e+03
