3.367805976955534630e-01 1.460463822138935441e-03 9.901028944683303301e-01
8.973406826217997789e-01 5.278689617954017699e-01 1.591198177432089356e-01
6.040812309409664405e-01 5.915103386477905678e-01 9.971160754819734517e-01
3.680323771293635415e-01 4.938799841282206504e-01 5.892391038293772754e-01
9.270627177042140010e-01 2.207505920436619862e-01 6.504904244823972448e-01
5.405076023255703799e-01 6.308731618243687000e-01 7.612781593986406303e-01
3.702304518205289385e-01 9.002011781858876294e-01 3.532903689478594789e-01
7.926877870739540421e-01 1.885866153728035233e-01 9.577829544673343021e-01
8.642305266275351894e-01 5.658287572910042362e-01 6.199097607216016437e-01
3.909171317037860582e-01 7.112439867402113869e-01 6.048314437156042667e-01
1.143747956187908255e-01 3.594041578048247088e-01 1.439355877652459537e-01
9.329361448686568359e-03 4.430167802570352809e-01 3.557029561663623829e-01
9.288707316148406834e-01 1.494442310483312664e-01 1.694053125372397828e-01
4.666783107722782820e-01 1.020941805434135707e-01 5.030440668107334368e-01
2.027636138082972161e-01 5.311703783786934085e-01 2.598016785599613909e-01
5.208170182076974353e-01 7.268085299373764352e-01 7.973391428937325331e-01
6.163222071336815766e-02 9.499829225911093911e-01 8.139705934808874055e-01
8.617631157228533567e-02 5.878431248151037014e-01 8.439300232346227393e-01
8.210639639814958368e-01 9.757333036079515187e-01 1.000710102291648695e-01
4.154637011537142266e-01 3.595642383720540902e-01 7.486924494614388692e-02
5.746848658639613916e-03 3.608911042353332155e-01 8.647947673199601892e-01
3.269962023768518966e-01 6.094330846335848095e-01 9.258299710057599219e-01
2.915275270579926747e-01 5.502117673175321855e-02 2.887091939383663597e-01
7.329667334195338890e-01 7.668302941844450382e-01 8.566089993973982075e-01
1.130993420022675666e-01 1.701729859054580407e-01 4.237808496782400347e-01
4.798286897682110252e-01 4.861000744443614296e-01 6.728765660262947534e-01
8.410153475237543974e-01 9.762687698328779140e-01 1.248477708306799938e-01
2.315298455724209559e-01 1.321317202253532441e-01 7.823546729554695656e-01
5.836260407389826099e-02 2.260396190555570284e-01 9.447977403207985514e-01
2.140904394972784619e-01 3.440362375901755421e-01 7.521080692804988921e-01
1.927509657361914375e-02 9.622643512456747761e-01 3.893146494733741303e-01
7.768653761721787676e-01 7.652200326556181098e-01 2.419839338607600032e-01
5.896370396311302331e-01 4.364095354260977278e-02 1.164366988355943766e-01
4.825005328492212309e-01 9.068559333882819651e-01 7.310009463057709489e-02
3.411900626387074364e-01 6.531379058050018616e-01 1.585737465387171419e-02
7.395443811311919191e-01 1.771747662250392485e-01 7.676274583655795514e-01
3.700478232826669434e-01 7.045841649070312407e-01 3.682194799668344620e-01
6.305944639810239227e-01 4.001076630846864823e-01 5.380620262924377117e-01
4.184781363786993502e-02 1.662934794739255873e-01 1.598221999803119964e-01
2.021809456922993853e-01 4.036172707704570595e-01 1.611106505276823642e-01
4.322816715164937706e-01 2.654111209967837670e-01 5.272359336809351316e-02
1.902765274911268900e-01 4.080672072073426859e-01 1.603815557063765773e-01
9.944858280388916283e-01 8.350083144009238234e-01 6.437597908527853408e-01
2.571545661398643157e-01 7.567666520056269830e-01 5.540469273579763376e-01
9.201953054410347832e-01 7.886818924000688069e-01 9.465695297447758172e-01
1.177876987808106346e-01 2.329165635877772367e-01 2.896271948689465026e-01
6.007205049853542311e-01 5.636122434403718628e-01 2.860532147961830640e-01
2.916265216452645914e-01 5.102242637457274910e-01 8.870819936805790507e-01
9.041525802508972864e-01 4.373007259880147268e-01 9.978599303482194038e-01
7.047301425582305212e-01 1.548374971877223283e-01 4.934572644097008354e-01
1.494816411475463624e-02 7.903720631535809948e-01 6.121298447501211104e-01
3.705817268174376178e-01 7.309024393665926045e-01 4.555553854288535431e-01
6.282671407386009044e-01 1.728597031776728521e-01 1.758220699504891016e-01
6.373205917023649913e-02 6.816076466364351383e-02 3.442081996580137471e-03
4.301422672056767205e-01 3.005297685742969183e-02 1.899108405348740591e-01
2.530655974676276898e-02 3.367833563921492912e-01 5.232437509807538190e-01
9.204507250282421005e-01 3.144365950931531373e-01 2.297262187672488576e-01
4.782080815873079871e-02 3.886887733360111508e-02 6.492733381906089507e-01
7.133012606069071282e-01 9.785558685065353091e-01 8.746076992050225707e-01
9.506831560526272096e-01 8.810048584872361976e-01 3.122779773940267400e-01
9.259350230502279011e-01 3.440102483329098293e-01 9.257703481541735835e-01
5.982698970193023325e-01 8.876472888205437783e-01 3.316476311235099228e-01
4.348252099849136965e-01 4.576687706678775891e-01 9.014298225005473730e-01
2.163591550672178121e-01 6.452724950980657237e-01 4.657751849674927058e-01
1.871349626810738798e-01 7.063497859298002446e-01 6.817065655235108323e-01
9.194934237703962232e-01 7.670708174209256436e-01 1.026672078586863268e-01
8.064863749364787893e-01 6.114410972874149142e-01 1.894511966390094448e-01
2.817783275877242533e-01 4.805130134582209500e-01 4.856033325112595334e-01
3.163551647089440921e-01 6.043100054637617902e-01 4.852960684328457841e-01
4.339950324736672194e-01 4.683915327360685943e-01 3.695621078160503670e-01
3.183738713206988313e-01 5.197028005560603292e-01 7.089256887657471307e-01
5.744221990229236852e-02 5.566460250407831989e-01 4.978595121857333217e-01
7.679229676212284694e-01 6.717746736107113037e-01 6.497608914807170288e-01
6.383404028049911583e-01 4.729107188169329179e-01 7.743433508479133920e-01
2.644601149589848044e-01 1.574279574040280405e-01 4.804372858105339095e-01
4.756835632876550424e-01 8.372997514541070663e-01 2.957021055150078626e-01
3.659658811268662326e-01 1.897732654787961382e-01 6.723091463587552719e-01
4.361105863369049152e-01 3.683272581703050941e-01 6.198879721116168362e-02
9.960576421983631246e-01 6.668542084188769925e-01 2.117227764229601128e-01
2.592211120006089331e-01 2.343163182430396674e-01 8.898240974666800085e-01
6.506923210663649870e-01 2.371434994580546851e-01 3.653248415768917123e-01
3.840101959569796053e-01 3.486309586785005799e-01 8.885109213886459578e-01
2.376081764494262227e-01 6.593071253828304279e-01 6.185934317079521128e-01
2.736022211617360478e-01 3.753731358910568083e-01 9.836617024350384764e-01
8.916931828998099219e-01 5.264545585445372655e-01 1.658527151763935503e-01
9.737495883233071581e-01 2.834023171655295492e-01 3.638680572496797438e-01
8.264413556990078957e-01 4.135721529535141272e-01 1.552899194674249861e-01
4.537270557877173260e-01 8.870206785346909095e-01 5.775372653618504604e-02
4.683119324701976449e-01 2.507477638022332922e-01 4.555579627800404596e-01
9.944064723311885068e-02 5.674821237056842937e-01 2.399713532723052323e-01
1.377799508685552121e-01 5.061050237709049382e-01 7.416778708709310663e-01
4.393341302957262107e-01 7.515290094471027693e-02 8.160159282940837588e-02
2.928888857149962721e-01 9.545454058138891362e-01 4.079783692934291217e-01
4.214982188447266021e-01 3.633542255516628572e-01 6.839328774305681868e-01
8.989900633184096934e-01 8.699852722207708222e-01 8.074863204766160596e-01
7.883091622096883855e-01 6.970744190853400690e-01 8.932261902557077082e-01
4.638916233468769468e-01 1.590603984460687848e-01 2.744726526268296274e-01
6.363432857479284221e-01 4.030379496295793951e-01 9.769223830324391677e-02
1.611017849233165045e-01 8.073060643333105357e-01 9.043475751362919368e-01
9.295961135981354317e-01 2.471684647735209461e-01 8.885526199428372962e-02
3.854224764038125528e-01 9.782851234619239778e-01 8.664703893635187226e-01
8.344811848815155697e-01 3.263097320133954149e-01 6.780166426906168997e-01
2.802764017533307950e-01 7.987426941333343189e-01 6.762199446605647868e-01
5.834451286738645548e-01 6.327668511750156322e-01 7.719033237574705053e-01
1.600690676260250189e-01 6.105081075466920471e-01 5.946449625692973306e-01
6.921320884528020523e-01 7.779676495696218330e-01 3.898435576126809687e-01
3.734610179530026830e-01 1.885707600953068219e-01 8.824469040933199393e-01
1.131400758341677415e-01 8.699711814736417193e-01 4.194801719368097537e-01
1.230727111689396969e-01 9.634248534623335303e-01 7.995513020987390362e-01
5.931428024960695433e-01 5.979103362330751015e-01 6.309052770683909461e-01
6.809594070328435222e-01 6.356483373938098813e-01 6.187499385198781399e-01
2.183163431245568331e-01 3.598827795079928560e-01 9.698517603288583366e-01
8.520464087550563281e-01 3.321794593923920180e-01 8.368944187146498681e-02
7.527991342871850344e-01 3.940822296882187104e-01 1.549952033688671849e-01
6.066644116427730715e-01 8.054898130514721588e-01 3.947124361879214005e-01
3.627039660367981089e-02 7.610708997452483304e-01 8.486690351780867836e-01
9.189683181415921887e-01 3.368967367966999582e-01 1.576722396044974994e-01
9.108292351135993670e-02 6.058916414509458725e-01 5.149050075111516467e-01
7.415007275737420800e-01 7.040796692320572259e-02 8.623633175680447405e-01
9.416306088155124154e-01 3.401332633426887853e-01 6.477586718615738759e-01
6.589211589861709850e-02 3.094262367644697864e-01 4.569850647294213530e-01
8.401136454392520436e-01 1.563263275447267509e-01 2.241740732832823157e-01
1.745595472051165720e-01 1.710429926390294453e-01 2.054539328656137531e-01
1.202033904911204987e-01 3.255411567354701274e-01 8.258001451414326288e-01
4.259004937401823510e-01 8.233062665542101310e-02 5.626322887615335944e-01
5.680312562758043082e-01 9.152290688532892515e-01 4.290498473108607103e-01
2.684362633148612565e-01 8.657526762317410141e-01 7.805627453330151733e-01
7.318817413928143667e-01 2.055372754269252367e-01 6.718939979371988391e-01
4.365245473342083127e-01 1.088083179491343699e-01 8.586332240448223407e-01
4.579948745157491619e-02 5.842754773885910913e-01 9.975970233073491178e-01
9.688411881162788397e-01 3.341128133972668390e-01 9.206631219819532141e-01
9.109656178760920930e-01 4.138080331839721904e-02 6.237376401484060473e-01
9.415902690541446685e-01 7.745677739119536387e-01 7.473967135018688701e-01
1.949618088127824667e-01 7.407369182699378163e-01 4.282519910376071381e-01
4.040679322135753981e-02 7.709444656014338149e-01 6.423874806362642742e-01
2.615688003449300192e-01 1.703367894416167871e-01 5.179334381622344718e-01
2.268368555345209314e-01 6.334150362947545965e-01 7.644421003065715592e-02
8.872450485884708637e-02 8.878355100440201708e-01 3.355406045378050983e-02
3.876797924353821978e-01 1.847723432840920887e-01 5.083329467835491222e-01
7.303320767518588497e-01 6.805323855479445960e-01 7.040959778722875040e-01
9.107245557420295956e-01 6.885423089708034849e-01 9.829966111073995538e-02
1.937896179616538372e-01 4.919983801276542890e-01 4.511107599641305255e-01
6.021532890176739539e-01 1.755130378573919181e-01 8.676322865255862160e-01
9.408444158168771665e-04 2.327910699309965192e-01 3.419725149178142187e-01
4.680169315190089163e-01 2.671614023135607807e-01 7.299881191737827013e-01
2.467716973964899640e-01 1.661167136634810193e-01 1.483880628784114419e-01
4.588885674154274952e-03 6.892772495366563668e-01 7.860563118946455319e-01
5.355593419076845052e-01 8.988705815094869545e-01 5.769901032475628355e-01
3.687444469035944250e-01 9.220573036422869961e-01 1.823918731724887277e-01
9.557602828354030411e-01 8.155490853021756248e-01 8.350117717400620254e-01
4.659053316947786572e-01 8.500006814056257909e-01 1.318789658352924610e-01
2.420245060039137863e-01 1.938026868951111537e-01 1.678447791315589299e-01
7.136457794256918508e-01 6.783693190744785051e-01 7.598869420136602493e-01
1.108803280137021785e-01 9.271668785815767588e-01 8.648725451965496580e-01
9.958863161000551800e-01 3.969126493289876212e-02 8.283520263496602087e-01
1.020447242455762016e-01 1.433115019124631129e-02 2.688889112186509944e-01
5.976384028897085976e-01 9.741335657530278969e-01 4.145706578826877653e-01
8.931052673708654854e-01 8.228399072959925453e-01 8.042009048847722497e-01
7.386258869435784469e-01 3.228898847754946289e-02 4.184476370992660232e-01
1.506828642813264896e-01 8.414709645960781748e-01 2.740405320609625717e-01
3.520206893930402092e-01 2.275226566348351742e-01 8.056188326221274121e-01
1.260534642677360040e-01 7.328062257798949597e-01 2.645300494256497270e-02
4.916048859536800153e-01 4.272946344874493096e-01 4.161948700400761592e-01
5.895942302233379007e-01 7.915450530927591322e-01 8.197670368115390627e-01
4.133777883091301897e-01 7.245259845415721323e-01 3.108481397364346588e-01
9.364211599768494931e-01 1.215789381144887216e-01 7.541487101741563004e-01
5.488037735203480372e-01 6.697235918976434110e-01 8.117985285991373701e-01
6.707042445185442681e-01 7.336919933938335081e-01 1.737453020685899574e-01
8.566871078313185173e-01 3.077668928195756992e-01 1.094652784641437782e-01
9.427019796273906627e-01 1.578716788298903939e-01 5.589365355611471964e-01
3.863268135486780386e-01 2.185777226953713459e-01 1.126522056261829441e-01
7.128361737788214691e-01 6.826423349679091590e-01 4.929503006270087306e-01
8.916474135401384338e-01 3.485314376105149714e-01 6.695522633617084773e-01
4.396904809421708915e-02 8.978589627021604791e-01 7.146531727304218373e-01
4.214221708304772829e-01 6.705265704987239950e-01 9.440461057769868880e-01
2.089367515992268665e-02 9.408084658961611835e-01 4.963698479419321741e-01
8.633708768523348231e-01 9.952932795555599066e-01 5.226894814647087273e-01
7.816250508647557549e-01 2.166645896627259482e-01 1.584246621209772776e-02
5.863264566947721246e-01 1.815502774699199184e-01 1.232434925349895627e-01
7.649448660258075794e-01 9.740678744349665630e-01 1.996547787487046310e-02
9.764108168992291503e-01 6.157750504715934214e-01 6.514244778305723349e-01
8.398158346244893879e-01 3.125810619999802586e-01 9.287281310751364094e-01
9.090554823047487520e-01 9.634671086153572261e-01 7.559683368602095888e-01
6.760657384540039727e-01 9.597425271817118242e-01 3.845490518076964959e-01
2.266472960873127107e-01 9.126333711456946496e-01 4.667660294518705122e-02
4.801632052285942365e-01 5.355315211151339128e-01 7.432859734577512700e-01
5.879942734066793131e-01 2.742726612062869052e-01 4.296926764090976958e-01
1.368271766202998618e-01 2.923658751230895358e-02 2.871106796275848527e-01
4.631734836781808973e-02 2.538455184451654523e-01 1.314773300398551781e-01
8.102076078983052598e-01 3.838389539254700722e-01 2.688536932588677653e-01
2.777890870877264273e-02 2.622687693472181003e-02 5.239144302705129874e-01
2.214874115714248193e-01 7.412101350749373818e-01 4.621819869398228198e-01
8.130878341749873117e-01 9.355290634081470103e-03 8.955501667453196202e-01
3.525087132867920081e-01 3.374006389452064436e-01 3.182879095159996119e-02
7.740086219123746281e-01 9.707251433026352627e-01 8.092847468854046378e-01
2.705121934068208667e-01 8.610400625291426691e-01 8.937337543007060070e-01
6.363531016443148003e-01 8.510662412434721880e-01 7.484356138195862318e-01
9.715752827620183218e-02 3.215144192624544983e-01 1.015931560686215152e-01
4.838670018051534072e-01 9.691307374754666304e-01 5.086711720175314255e-01
9.355360899726901103e-01 2.499663190577714467e-01 7.395554419567554882e-01
7.569046813399655793e-01 6.877879229584618059e-01 7.904183508227082822e-01
7.327541415044639406e-01 7.058464345316199928e-01 3.825126571591243030e-01
7.183064957278975093e-01 1.177799903993825836e-01 2.628743626309022474e-01
2.107586235792175966e-01 3.211242863058605401e-02 9.544794044124083054e-01
1.001451992625924658e-01 2.896070978837416154e-01 6.363210303711375193e-01
4.466051695565388391e-01 6.469409638017697972e-01 8.150817505078152836e-01
6.055547473393446678e-01 8.868472760921061182e-01 7.636737945498457414e-01
7.311488525030013230e-01 2.014858476656404829e-01 2.883779080024411190e-01
9.556075825840744109e-01 2.556612077324252885e-01 2.098938797129455969e-01
6.396015419246429135e-01 4.242201902516176126e-01 8.539951479588048233e-01
8.610117478390638679e-01 7.192149273251062791e-01 2.767852513307949014e-01
8.807204523364502435e-01 3.681751962636417019e-01 8.774215559874096737e-01
2.600181609641006863e-01 5.133103244456914682e-01 4.397596420070417622e-01
7.566189666791274249e-01 3.404905753855821393e-01 9.308101714504580793e-01
4.455459877806198232e-01 8.784983201205615044e-01 2.178621277537231560e-01
3.339748993154239010e-01 3.903475266174971647e-01 9.062613604542455459e-01
2.498659414331578787e-01 9.686593178626596856e-01 5.801330636240212835e-01
3.230320222560856269e-02 6.232773661620418792e-01 5.296606709537712288e-01
8.163434869666584826e-01 7.029274987746961800e-01 9.682403261769408909e-01
1.226710110577802215e-01 1.106530262656733044e-01 5.352607622973472035e-01
6.587289174129226099e-01 8.060049203022346953e-01 9.885533114909488273e-01
7.897814456696001795e-01 4.118068971721100535e-02 4.593118750466549383e-01
8.850295810107280392e-01 3.208928090918931053e-01 7.903310493514531521e-01
2.700435008478040411e-01 4.033045509945355489e-01 7.220874972606028397e-02
6.575239246620389055e-01 5.709839343573945847e-01 7.101796247451007682e-01
