1.000000000000000000e+00 0.000000000000000000e+00 0.000000000000000000e+00
9.510565162951536422e-01 3.090169943749474513e-01 0.000000000000000000e+00
8.090169943749475623e-01 5.877852522924730261e-01 0.000000000000000000e+00
5.877852522924731371e-01 8.090169943749474513e-01 0.000000000000000000e+00
3.090169943749475068e-01 9.510565162951536422e-01 0.000000000000000000e+00
6.123233995736766036e-17 1.000000000000000000e+00 0.000000000000000000e+00
-3.090169943749473958e-01 9.510565162951537532e-01 0.000000000000000000e+00
-5.877852522924729151e-01 8.090169943749475623e-01 0.000000000000000000e+00
-8.090169943749474513e-01 5.877852522924731371e-01 0.000000000000000000e+00
-9.510565162951536422e-01 3.090169943749475623e-01 0.000000000000000000e+00
-1.000000000000000000e+00 1.224646799147353207e-16 0.000000000000000000e+00
-9.510565162951537532e-01 -3.090169943749473402e-01 0.000000000000000000e+00
-8.090169943749476733e-01 -5.877852522924729151e-01 0.000000000000000000e+00
-5.877852522924732481e-01 -8.090169943749474513e-01 0.000000000000000000e+00
-3.090169943749476178e-01 -9.510565162951535312e-01 0.000000000000000000e+00
-1.836970198721029688e-16 -1.000000000000000000e+00 0.000000000000000000e+00
3.090169943749472847e-01 -9.510565162951537532e-01 0.000000000000000000e+00
5.877852522924728040e-01 -8.090169943749476733e-01 0.000000000000000000e+00
8.090169943749473402e-01 -5.877852522924732481e-01 0.000000000000000000e+00
9.510565162951535312e-01 -3.090169943749476733e-01 0.000000000000000000e+00
1.000000000000000000e+00 0.000000000000000000e+00 1.111111111111111049e-01
9.510565162951536422e-01 3.090169943749474513e-01 1.111111111111111049e-01
8.090169943749475623e-01 5.877852522924730261e-01 1.111111111111111049e-01
5.877852522924731371e-01 8.090169943749474513e-01 1.111111111111111049e-01
3.090169943749475068e-01 9.510565162951536422e-01 1.111111111111111049e-01
6.123233995736766036e-17 1.000000000000000000e+00 1.111111111111111049e-01
-3.090169943749473958e-01 9.510565162951537532e-01 1.111111111111111049e-01
-5.877852522924729151e-01 8.090169943749475623e-01 1.111111111111111049e-01
-8.090169943749474513e-01 5.877852522924731371e-01 1.111111111111111049e-01
-9.510565162951536422e-01 3.090169943749475623e-01 1.111111111111111049e-01
-1.000000000000000000e+00 1.224646799147353207e-16 1.111111111111111049e-01
-9.510565162951537532e-01 -3.090169943749473402e-01 1.111111111111111049e-01
-8.090169943749476733e-01 -5.877852522924729151e-01 1.111111111111111049e-01
-5.877852522924732481e-01 -8.090169943749474513e-01 1.111111111111111049e-01
-3.090169943749476178e-01 -9.510565162951535312e-01 1.111111111111111049e-01
-1.836970198721029688e-16 -1.000000000000000000e+00 1.111111111111111049e-01
3.090169943749472847e-01 -9.510565162951537532e-01 1.111111111111111049e-01
5.877852522924728040e-01 -8.090169943749476733e-01 1.111111111111111049e-01
8.090169943749473402e-01 -5.877852522924732481e-01 1.111111111111111049e-01
9.510565162951535312e-01 -3.090169943749476733e-01 1.111111111111111049e-01
1.000000000000000000e+00 0.000000000000000000e+00 2.222222222222222099e-01
9.510565162951536422e-01 3.090169943749474513e-01 2.222222222222222099e-01
8.090169943749475623e-01 5.877852522924730261e-01 2.222222222222222099e-01
5.877852522924731371e-01 8.090169943749474513e-01 2.222222222222222099e-01
3.090169943749475068e-01 9.510565162951536422e-01 2.222222222222222099e-01
6.123233995736766036e-17 1.000000000000000000e+00 2.222222222222222099e-01
-3.090169943749473958e-01 9.510565162951537532e-01 2.222222222222222099e-01
-5.877852522924729151e-01 8.090169943749475623e-01 2.222222222222222099e-01
-8.090169943749474513e-01 5.877852522924731371e-01 2.222222222222222099e-01
-9.510565162951536422e-01 3.090169943749475623e-01 2.222222222222222099e-01
-1.000000000000000000e+00 1.224646799147353207e-16 2.222222222222222099e-01
-9.510565162951537532e-01 -3.090169943749473402e-01 2.222222222222222099e-01
-8.090169943749476733e-01 -5.877852522924729151e-01 2.222222222222222099e-01
-5.877852522924732481e-01 -8.090169943749474513e-01 2.222222222222222099e-01
-3.090169943749476178e-01 -9.510565162951535312e-01 2.222222222222222099e-01
-1.836970198721029688e-16 -1.000000000000000000e+00 2.222222222222222099e-01
3.090169943749472847e-01 -9.510565162951537532e-01 2.222222222222222099e-01
5.877852522924728040e-01 -8.090169943749476733e-01 2.222222222222222099e-01
8.090169943749473402e-01 -5.877852522924732481e-01 2.222222222222222099e-01
9.510565162951535312e-01 -3.090169943749476733e-01 2.222222222222222099e-01
1.000000000000000000e+00 0.000000000000000000e+00 3.333333333333333148e-01
9.510565162951536422e-01 3.090169943749474513e-01 3.333333333333333148e-01
8.090169943749475623e-01 5.877852522924730261e-01 3.333333333333333148e-01
5.877852522924731371e-01 8.090169943749474513e-01 3.333333333333333148e-01
3.090169943749475068e-01 9.510565162951536422e-01 3.333333333333333148e-01
6.123233995736766036e-17 1.000000000000000000e+00 3.333333333333333148e-01
-3.090169943749473958e-01 9.510565162951537532e-01 3.333333333333333148e-01
-5.877852522924729151e-01 8.090169943749475623e-01 3.333333333333333148e-01
-8.090169943749474513e-01 5.877852522924731371e-01 3.333333333333333148e-01
-9.510565162951536422e-01 3.090169943749475623e-01 3.333333333333333148e-01
-1.000000000000000000e+00 1.224646799147353207e-16 3.333333333333333148e-01
-9.510565162951537532e-01 -3.090169943749473402e-01 3.333333333333333148e-01
-8.090169943749476733e-01 -5.877852522924729151e-01 3.333333333333333148e-01
-5.877852522924732481e-01 -8.090169943749474513e-01 3.333333333333333148e-01
-3.090169943749476178e-01 -9.510565162951535312e-01 3.333333333333333148e-01
-1.836970198721029688e-16 -1.000000000000000000e+00 3.333333333333333148e-01
3.090169943749472847e-01 -9.510565162951537532e-01 3.333333333333333148e-01
5.877852522924728040e-01 -8.090169943749476733e-01 3.333333333333333148e-01
8.090169943749473402e-01 -5.877852522924732481e-01 3.333333333333333148e-01
9.510565162951535312e-01 -3.090169943749476733e-01 3.333333333333333148e-01
1.000000000000000000e+00 0.000000000000000000e+00 4.444444444444444198e-01
9.510565162951536422e-01 3.090169943749474513e-01 4.444444444444444198e-01
8.090169943749475623e-01 5.877852522924730261e-01 4.444444444444444198e-01
5.877852522924731371e-01 8.090169943749474513e-01 4.444444444444444198e-01
3.090169943749475068e-01 9.510565162951536422e-01 4.444444444444444198e-01
6.123233995736766036e-17 1.000000000000000000e+00 4.444444444444444198e-01
-3.090169943749473958e-01 9.510565162951537532e-01 4.444444444444444198e-01
-5.877852522924729151e-01 8.090169943749475623e-01 4.444444444444444198e-01
-8.090169943749474513e-01 5.877852522924731371e-01 4.444444444444444198e-01
-9.510565162951536422e-01 3.090169943749475623e-01 4.444444444444444198e-01
-1.000000000000000000e+00 1.224646799147353207e-16 4.444444444444444198e-01
-9.510565162951537532e-01 -3.090169943749473402e-01 4.444444444444444198e-01
-8.090169943749476733e-01 -5.877852522924729151e-01 4.444444444444444198e-01
-5.877852522924732481e-01 -8.090169943749474513e-01 4.444444444444444198e-01
-3.090169943749476178e-01 -9.510565162951535312e-01 4.444444444444444198e-01
-1.836970198721029688e-16 -1.000000000000000000e+00 4.444444444444444198e-01
3.090169943749472847e-01 -9.510565162951537532e-01 4.444444444444444198e-01
5.877852522924728040e-01 -8.090169943749476733e-01 4.444444444444444198e-01
8.090169943749473402e-01 -5.877852522924732481e-01 4.444444444444444198e-01
9.510565162951535312e-01 -3.090169943749476733e-01 4.444444444444444198e-01
1.000000000000000000e+00 0.000000000000000000e+00 5.555555555555555802e-01
9.510565162951536422e-01 3.090169943749474513e-01 5.555555555555555802e-01
8.090169943749475623e-01 5.877852522924730261e-01 5.555555555555555802e-01
5.877852522924731371e-01 8.090169943749474513e-01 5.555555555555555802e-01
3.090169943749475068e-01 9.510565162951536422e-01 5.555555555555555802e-01
6.123233995736766036e-17 1.000000000000000000e+00 5.555555555555555802e-01
-3.090169943749473958e-01 9.510565162951537532e-01 5.555555555555555802e-01
-5.877852522924729151e-01 8.090169943749475623e-01 5.555555555555555802e-01
-8.090169943749474513e-01 5.877852522924731371e-01 5.555555555555555802e-01
-9.510565162951536422e-01 3.090169943749475623e-01 5.555555555555555802e-01
-1.000000000000000000e+00 1.224646799147353207e-16 5.555555555555555802e-01
-9.510565162951537532e-01 -3.090169943749473402e-01 5.555555555555555802e-01
-8.090169943749476733e-01 -5.877852522924729151e-01 5.555555555555555802e-01
-5.877852522924732481e-01 -8.090169943749474513e-01 5.555555555555555802e-01
-3.090169943749476178e-01 -9.510565162951535312e-01 5.555555555555555802e-01
-1.836970198721029688e-16 -1.000000000000000000e+00 5.555555555555555802e-01
3.090169943749472847e-01 -9.510565162951537532e-01 5.555555555555555802e-01
5.877852522924728040e-01 -8.090169943749476733e-01 5.555555555555555802e-01
8.090169943749473402e-01 -5.877852522924732481e-01 5.555555555555555802e-01
9.510565162951535312e-01 -3.090169943749476733e-01 5.555555555555555802e-01
1.000000000000000000e+00 0.000000000000000000e+00 6.666666666666666297e-01
9.510565162951536422e-01 3.090169943749474513e-01 6.666666666666666297e-01
8.090169943749475623e-01 5.877852522924730261e-01 6.666666666666666297e-01
5.877852522924731371e-01 8.090169943749474513e-01 6.666666666666666297e-01
3.090169943749475068e-01 9.510565162951536422e-01 6.666666666666666297e-01
6.123233995736766036e-17 1.000000000000000000e+00 6.666666666666666297e-01
-3.090169943749473958e-01 9.510565162951537532e-01 6.666666666666666297e-01
-5.877852522924729151e-01 8.090169943749475623e-01 6.666666666666666297e-01
-8.090169943749474513e-01 5.877852522924731371e-01 6.666666666666666297e-01
-9.510565162951536422e-01 3.090169943749475623e-01 6.666666666666666297e-01
-1.000000000000000000e+00 1.224646799147353207e-16 6.666666666666666297e-01
-9.510565162951537532e-01 -3.090169943749473402e-01 6.666666666666666297e-01
-8.090169943749476733e-01 -5.877852522924729151e-01 6.666666666666666297e-01
-5.877852522924732481e-01 -8.090169943749474513e-01 6.666666666666666297e-01
-3.090169943749476178e-01 -9.510565162951535312e-01 6.666666666666666297e-01
-1.836970198721029688e-16 -1.000000000000000000e+00 6.666666666666666297e-01
3.090169943749472847e-01 -9.510565162951537532e-01 6.666666666666666297e-01
5.877852522924728040e-01 -8.090169943749476733e-01 6.666666666666666297e-01
8.090169943749473402e-01 -5.877852522924732481e-01 6.666666666666666297e-01
9.510565162951535312e-01 -3.090169943749476733e-01 6.666666666666666297e-01
1.000000000000000000e+00 0.000000000000000000e+00 7.777777777777776791e-01
9.510565162951536422e-01 3.090169943749474513e-01 7.777777777777776791e-01
8.090169943749475623e-01 5.877852522924730261e-01 7.777777777777776791e-01
5.877852522924731371e-01 8.090169943749474513e-01 7.777777777777776791e-01
3.090169943749475068e-01 9.510565162951536422e-01 7.777777777777776791e-01
6.123233995736766036e-17 1.000000000000000000e+00 7.777777777777776791e-01
-3.090169943749473958e-01 9.510565162951537532e-01 7.777777777777776791e-01
-5.877852522924729151e-01 8.090169943749475623e-01 7.777777777777776791e-01
-8.090169943749474513e-01 5.877852522924731371e-01 7.777777777777776791e-01
-9.510565162951536422e-01 3.090169943749475623e-01 7.777777777777776791e-01
-1.000000000000000000e+00 1.224646799147353207e-16 7.777777777777776791e-01
-9.510565162951537532e-01 -3.090169943749473402e-01 7.777777777777776791e-01
-8.090169943749476733e-01 -5.877852522924729151e-01 7.777777777777776791e-01
-5.877852522924732481e-01 -8.090169943749474513e-01 7.777777777777776791e-01
-3.090169943749476178e-01 -9.510565162951535312e-01 7.777777777777776791e-01
-1.836970198721029688e-16 -1.000000000000000000e+00 7.777777777777776791e-01
3.090169943749472847e-01 -9.510565162951537532e-01 7.777777777777776791e-01
5.877852522924728040e-01 -8.090169943749476733e-01 7.777777777777776791e-01
8.090169943749473402e-01 -5.877852522924732481e-01 7.777777777777776791e-01
9.510565162951535312e-01 -3.090169943749476733e-01 7.777777777777776791e-01
1.000000000000000000e+00 0.000000000000000000e+00 8.888888888888888395e-01
9.510565162951536422e-01 3.090169943749474513e-01 8.888888888888888395e-01
8.090169943749475623e-01 5.877852522924730261e-01 8.888888888888888395e-01
5.877852522924731371e-01 8.090169943749474513e-01 8.888888888888888395e-01
3.090169943749475068e-01 9.510565162951536422e-01 8.888888888888888395e-01
6.123233995736766036e-17 1.000000000000000000e+00 8.888888888888888395e-01
-3.090169943749473958e-01 9.510565162951537532e-01 8.888888888888888395e-01
-5.877852522924729151e-01 8.090169943749475623e-01 8.888888888888888395e-01
-8.090169943749474513e-01 5.877852522924731371e-01 8.888888888888888395e-01
-9.510565162951536422e-01 3.090169943749475623e-01 8.888888888888888395e-01
-1.000000000000000000e+00 1.224646799147353207e-16 8.888888888888888395e-01
-9.510565162951537532e-01 -3.090169943749473402e-01 8.888888888888888395e-01
-8.090169943749476733e-01 -5.877852522924729151e-01 8.888888888888888395e-01
-5.877852522924732481e-01 -8.090169943749474513e-01 8.888888888888888395e-01
-3.090169943749476178e-01 -9.510565162951535312e-01 8.888888888888888395e-01
-1.836970198721029688e-16 -1.000000000000000000e+00 8.888888888888888395e-01
3.090169943749472847e-01 -9.510565162951537532e-01 8.888888888888888395e-01
5.877852522924728040e-01 -8.090169943749476733e-01 8.888888888888888395e-01
8.090169943749473402e-01 -5.877852522924732481e-01 8.888888888888888395e-01
9.510565162951535312e-01 -3.090169943749476733e-01 8.888888888888888395e-01
1.000000000000000000e+00 0.000000000000000000e+00 1.000000000000000000e+00
9.510565162951536422e-01 3.090169943749474513e-01 1.000000000000000000e+00
8.090169943749475623e-01 5.877852522924730261e-01 1.000000000000000000e+00
5.877852522924731371e-01 8.090169943749474513e-01 1.000000000000000000e+00
3.090169943749475068e-01 9.510565162951536422e-01 1.000000000000000000e+00
6.123233995736766036e-17 1.000000000000000000e+00 1.000000000000000000e+00
-3.090169943749473958e-01 9.510565162951537532e-01 1.000000000000000000e+00
-5.877852522924729151e-01 8.090169943749475623e-01 1.000000000000000000e+00
-8.090169943749474513e-01 5.877852522924731371e-01 1.000000000000000000e+00
-9.510565162951536422e-01 3.090169943749475623e-01 1.000000000000000000e+00
-1.000000000000000000e+00 1.224646799147353207e-16 1.000000000000000000e+00
-9.510565162951537532e-01 -3.090169943749473402e-01 1.000000000000000000e+00
-8.090169943749476733e-01 -5.877852522924729151e-01 1.000000000000000000e+00
-5.877852522924732481e-01 -8.090169943749474513e-01 1.000000000000000000e+00
-3.090169943749476178e-01 -9.510565162951535312e-01 1.000000000000000000e+00
-1.836970198721029688e-16 -1.000000000000000000e+00 1.000000000000000000e+00
3.090169943749472847e-01 -9.510565162951537532e-01 1.000000000000000000e+00
5.877852522924728040e-01 -8.090169943749476733e-01 1.000000000000000000e+00
8.090169943749473402e-01 -5.877852522924732481e-01 1.000000000000000000e+00
9.510565162951535312e-01 -3.090169943749476733e-01 1.000000000000000000e+00
