0.000000 0.000000 10.000000
5.040337 0.320323 10.000000
10.019746 1.278712 10.000000
14.877708 2.867443 10.000000
19.554519 5.073697 10.000000
23.991695 7.879632 10.000000
28.132362 11.262499 10.000000
31.921645 15.194770 10.000000
35.307046 19.644313 10.000000
38.238797 24.574583 10.000000
40.670215 29.944845 10.000000
42.558025 35.710423 10.000000
43.862669 41.822970 10.000000
44.548598 48.230769 10.000000
44.584532 54.879043 10.000000
43.943705 61.710299 10.000000
42.604078 68.664681 10.000000
40.548527 75.680339 10.000000
37.765001 82.693818 10.000000
34.246658 89.640451 10.000000
29.991957 96.454772 10.000000
25.004736 103.070924 10.000000
19.294242 109.423084 10.000000
12.875144 115.445882 10.000000
5.767505 121.074829 10.000000
-2.003278 126.246733 10.000000
-10.406560 130.900122 10.000000
-19.406569 134.975651 10.000000
-28.962559 138.416508 10.000000
-39.028993 141.168801 10.000000
-49.555752 143.181942 10.000000
-60.488378 144.409006 10.000000
-71.768341 144.807075 10.000000
-83.333333 144.337567 10.000000
-95.117587 142.966541 10.000000
-107.052217 140.664972 10.000000
-119.065588 137.409014 10.000000
-131.083691 133.180224 10.000000
-143.030551 127.965768 10.000000
-154.828640 121.758588 10.000000
-166.399309 114.557548 10.000000
-177.663232 106.367541 10.000000
-188.540853 97.199565 10.000000
-198.952847 87.070773 10.000000
-208.820582 76.004476 10.000000
-218.066585 64.030127 10.000000
-226.615001 51.183255 10.000000
-234.392059 37.505382 10.000000
-241.326527 23.043889 10.000000
-247.350154 7.851862 10.000000
-252.398117 -8.012104 10.000000
-256.409435 -24.484132 10.000000
-259.327385 -41.495316 10.000000
-261.099892 -58.972011 10.000000
-261.679902 -76.836152 10.000000
-261.025728 -95.005595 10.000000
-259.101382 -113.394495 10.000000
-255.876872 -131.913696 10.000000
-251.328475 -150.471155 10.000000
-245.438981 -168.972384 10.000000
-238.197907 -187.320905 10.000000
-229.601674 -205.418732 10.000000
-219.653753 -223.166862 10.000000
-208.364779 -240.465774 10.000000
-195.752626 -257.215948 10.000000
-181.842445 -273.318387 10.000000
-166.666667 -288.675135 10.000000
-150.264965 -303.189813 10.000000
-132.684185 -316.768141 10.000000
-113.978230 -329.318467 10.000000
-94.207914 -340.752278 10.000000
-73.440775 -350.984716 10.000000
-51.750850 -359.935070 10.000000
-29.218418 -367.527266 10.000000
-5.929704 -373.690331 10.000000
18.023453 -378.358841 10.000000
42.543956 -381.473350 10.000000
67.529847 -382.980793 10.000000
92.874732 -382.834860 10.000000
118.468231 -380.996349 10.000000
144.196453 -377.433479 10.000000
169.942505 -372.122180 10.000000
195.587011 -365.046342 10.000000
221.008656 -356.198034 10.000000
246.084750 -345.577677 10.000000
270.691802 -333.194189 10.000000
294.706108 -319.065086 10.000000
318.004350 -303.216535 10.000000
340.464197 -285.683382 10.000000
361.964914 -266.509120 10.000000
382.387969 -245.745826 10.000000
401.617643 -223.454055 10.000000
419.541624 -199.702686 10.000000
436.051605 -174.568729 10.000000
451.043864 -148.137090 10.000000
464.419831 -120.500297 10.000000
476.086641 -91.758179 10.000000
485.957661 -62.017515 10.000000
493.953001 -31.391637 10.000000
500.000000 -0.000000 10.000000
