5.000000000000000000e+00 0.000000000000000000e+00 0.000000000000000000e+00
4.755282581475768211e+00 1.545084971874737034e+00 0.000000000000000000e+00
4.045084971874738144e+00 2.938926261462365908e+00 0.000000000000000000e+00
2.938926261462365908e+00 4.045084971874737256e+00 0.000000000000000000e+00
1.545084971874737478e+00 4.755282581475767323e+00 0.000000000000000000e+00
3.061616997868383141e-16 5.000000000000000000e+00 0.000000000000000000e+00
-1.545084971874737034e+00 4.755282581475768211e+00 0.000000000000000000e+00
-2.938926261462364575e+00 4.045084971874737256e+00 0.000000000000000000e+00
-4.045084971874737256e+00 2.938926261462366352e+00 0.000000000000000000e+00
-4.755282581475768211e+00 1.545084971874737478e+00 0.000000000000000000e+00
-5.000000000000000000e+00 6.123233995736766282e-16 0.000000000000000000e+00
-4.755282581475769099e+00 -1.545084971874736368e+00 0.000000000000000000e+00
-4.045084971874738144e+00 -2.938926261462365019e+00 0.000000000000000000e+00
-2.938926261462366352e+00 -4.045084971874736368e+00 0.000000000000000000e+00
-1.545084971874738144e+00 -4.755282581475767323e+00 0.000000000000000000e+00
-9.184850993605147944e-16 -5.000000000000000000e+00 0.000000000000000000e+00
1.545084971874736368e+00 -4.755282581475768211e+00 0.000000000000000000e+00
2.938926261462364131e+00 -4.045084971874738144e+00 0.000000000000000000e+00
4.045084971874736368e+00 -2.938926261462366796e+00 0.000000000000000000e+00
4.755282581475767323e+00 -1.545084971874738144e+00 0.000000000000000000e+00
5.000000000000000000e+00 0.000000000000000000e+00 1.111111111111111160e+00
4.755282581475768211e+00 1.545084971874737034e+00 1.111111111111111160e+00
4.045084971874738144e+00 2.938926261462365908e+00 1.111111111111111160e+00
2.938926261462365908e+00 4.045084971874737256e+00 1.111111111111111160e+00
1.545084971874737478e+00 4.755282581475767323e+00 1.111111111111111160e+00
3.061616997868383141e-16 5.000000000000000000e+00 1.111111111111111160e+00
-1.545084971874737034e+00 4.755282581475768211e+00 1.111111111111111160e+00
-2.938926261462364575e+00 4.045084971874737256e+00 1.111111111111111160e+00
-4.045084971874737256e+00 2.938926261462366352e+00 1.111111111111111160e+00
-4.755282581475768211e+00 1.545084971874737478e+00 1.111111111111111160e+00
-5.000000000000000000e+00 6.123233995736766282e-16 1.111111111111111160e+00
-4.755282581475769099e+00 -1.545084971874736368e+00 1.111111111111111160e+00
-4.045084971874738144e+00 -2.938926261462365019e+00 1.111111111111111160e+00
-2.938926261462366352e+00 -4.045084971874736368e+00 1.111111111111111160e+00
-1.545084971874738144e+00 -4.755282581475767323e+00 1.111111111111111160e+00
-9.184850993605147944e-16 -5.000000000000000000e+00 1.111111111111111160e+00
1.545084971874736368e+00 -4.755282581475768211e+00 1.111111111111111160e+00
2.938926261462364131e+00 -4.045084971874738144e+00 1.111111111111111160e+00
4.045084971874736368e+00 -2.938926261462366796e+00 1.111111111111111160e+00
4.755282581475767323e+00 -1.545084971874738144e+00 1.111111111111111160e+00
5.000000000000000000e+00 0.000000000000000000e+00 2.222222222222222321e+00
4.755282581475768211e+00 1.545084971874737034e+00 2.222222222222222321e+00
4.045084971874738144e+00 2.938926261462365908e+00 2.222222222222222321e+00
2.938926261462365908e+00 4.045084971874737256e+00 2.222222222222222321e+00
1.545084971874737478e+00 4.755282581475767323e+00 2.222222222222222321e+00
3.061616997868383141e-16 5.000000000000000000e+00 2.222222222222222321e+00
-1.545084971874737034e+00 4.755282581475768211e+00 2.222222222222222321e+00
-2.938926261462364575e+00 4.045084971874737256e+00 2.222222222222222321e+00
-4.045084971874737256e+00 2.938926261462366352e+00 2.222222222222222321e+00
-4.755282581475768211e+00 1.545084971874737478e+00 2.222222222222222321e+00
-5.000000000000000000e+00 6.123233995736766282e-16 2.222222222222222321e+00
-4.755282581475769099e+00 -1.545084971874736368e+00 2.222222222222222321e+00
-4.045084971874738144e+00 -2.938926261462365019e+00 2.222222222222222321e+00
-2.938926261462366352e+00 -4.045084971874736368e+00 2.222222222222222321e+00
-1.545084971874738144e+00 -4.755282581475767323e+00 2.222222222222222321e+00
-9.184850993605147944e-16 -5.000000000000000000e+00 2.222222222222222321e+00
1.545084971874736368e+00 -4.755282581475768211e+00 2.222222222222222321e+00
2.938926261462364131e+00 -4.045084971874738144e+00 2.222222222222222321e+00
4.045084971874736368e+00 -2.938926261462366796e+00 2.222222222222222321e+00
4.755282581475767323e+00 -1.545084971874738144e+00 2.222222222222222321e+00
5.000000000000000000e+00 0.000000000000000000e+00 3.333333333333333481e+00
4.755282581475768211e+00 1.545084971874737034e+00 3.333333333333333481e+00
4.045084971874738144e+00 2.938926261462365908e+00 3.333333333333333481e+00
2.938926261462365908e+00 4.045084971874737256e+00 3.333333333333333481e+00
1.545084971874737478e+00 4.755282581475767323e+00 3.333333333333333481e+00
3.061616997868383141e-16 5.000000000000000000e+00 3.333333333333333481e+00
-1.545084971874737034e+00 4.755282581475768211e+00 3.333333333333333481e+00
-2.938926261462364575e+00 4.045084971874737256e+00 3.333333333333333481e+00
-4.045084971874737256e+00 2.938926261462366352e+00 3.333333333333333481e+00
-4.755282581475768211e+00 1.545084971874737478e+00 3.333333333333333481e+00
-5.000000000000000000e+00 6.123233995736766282e-16 3.333333333333333481e+00
-4.755282581475769099e+00 -1.545084971874736368e+00 3.333333333333333481e+00
-4.045084971874738144e+00 -2.938926261462365019e+00 3.333333333333333481e+00
-2.938926261462366352e+00 -4.045084971874736368e+00 3.333333333333333481e+00
-1.545084971874738144e+00 -4.755282581475767323e+00 3.333333333333333481e+00
-9.184850993605147944e-16 -5.000000000000000000e+00 3.333333333333333481e+00
1.545084971874736368e+00 -4.755282581475768211e+00 3.333333333333333481e+00
2.938926261462364131e+00 -4.045084971874738144e+00 3.333333333333333481e+00
4.045084971874736368e+00 -2.938926261462366796e+00 3.333333333333333481e+00
4.755282581475767323e+00 -1.545084971874738144e+00 3.333333333333333481e+00
5.000000000000000000e+00 0.000000000000000000e+00 4.444444444444444642e+00
4.755282581475768211e+00 1.545084971874737034e+00 4.444444444444444642e+00
4.045084971874738144e+00 2.938926261462365908e+00 4.444444444444444642e+00
2.938926261462365908e+00 4.045084971874737256e+00 4.444444444444444642e+00
1.545084971874737478e+00 4.755282581475767323e+00 4.444444444444444642e+00
3.061616997868383141e-16 5.000000000000000000e+00 4.444444444444444642e+00
-1.545084971874737034e+00 4.755282581475768211e+00 4.444444444444444642e+00
-2.938926261462364575e+00 4.045084971874737256e+00 4.444444444444444642e+00
-4.045084971874737256e+00 2.938926261462366352e+00 4.444444444444444642e+00
-4.755282581475768211e+00 1.545084971874737478e+00 4.444444444444444642e+00
-5.000000000000000000e+00 6.123233995736766282e-16 4.444444444444444642e+00
-4.755282581475769099e+00 -1.545084971874736368e+00 4.444444444444444642e+00
-4.045084971874738144e+00 -2.938926261462365019e+00 4.444444444444444642e+00
-2.938926261462366352e+00 -4.045084971874736368e+00 4.444444444444444642e+00
-1.545084971874738144e+00 -4.755282581475767323e+00 4.444444444444444642e+00
-9.184850993605147944e-16 -5.000000000000000000e+00 4.444444444444444642e+00
1.545084971874736368e+00 -4.755282581475768211e+00 4.444444444444444642e+00
2.938926261462364131e+00 -4.045084971874738144e+00 4.444444444444444642e+00
4.045084971874736368e+00 -2.938926261462366796e+00 4.444444444444444642e+00
4.755282581475767323e+00 -1.545084971874738144e+00 4.444444444444444642e+00
5.000000000000000000e+00 0.000000000000000000e+00 5.555555555555555358e+00
4.755282581475768211e+00 1.545084971874737034e+00 5.555555555555555358e+00
4.045084971874738144e+00 2.938926261462365908e+00 5.555555555555555358e+00
2.938926261462365908e+00 4.045084971874737256e+00 5.555555555555555358e+00
1.545084971874737478e+00 4.755282581475767323e+00 5.555555555555555358e+00
3.061616997868383141e-16 5.000000000000000000e+00 5.555555555555555358e+00
-1.545084971874737034e+00 4.755282581475768211e+00 5.555555555555555358e+00
-2.938926261462364575e+00 4.045084971874737256e+00 5.555555555555555358e+00
-4.045084971874737256e+00 2.938926261462366352e+00 5.555555555555555358e+00
-4.755282581475768211e+00 1.545084971874737478e+00 5.555555555555555358e+00
-5.000000000000000000e+00 6.123233995736766282e-16 5.555555555555555358e+00
-4.755282581475769099e+00 -1.545084971874736368e+00 5.555555555555555358e+00
-4.045084971874738144e+00 -2.938926261462365019e+00 5.555555555555555358e+00
-2.938926261462366352e+00 -4.045084971874736368e+00 5.555555555555555358e+00
-1.545084971874738144e+00 -4.755282581475767323e+00 5.555555555555555358e+00
-9.184850993605147944e-16 -5.000000000000000000e+00 5.555555555555555358e+00
1.545084971874736368e+00 -4.755282581475768211e+00 5.555555555555555358e+00
2.938926261462364131e+00 -4.045084971874738144e+00 5.555555555555555358e+00
4.045084971874736368e+00 -2.938926261462366796e+00 5.555555555555555358e+00
4.755282581475767323e+00 -1.545084971874738144e+00 5.555555555555555358e+00
5.000000000000000000e+00 0.000000000000000000e+00 6.666666666666666963e+00
4.755282581475768211e+00 1.545084971874737034e+00 6.666666666666666963e+00
4.045084971874738144e+00 2.938926261462365908e+00 6.666666666666666963e+00
2.938926261462365908e+00 4.045084971874737256e+00 6.666666666666666963e+00
1.545084971874737478e+00 4.755282581475767323e+00 6.666666666666666963e+00
3.061616997868383141e-16 5.000000000000000000e+00 6.666666666666666963e+00
-1.545084971874737034e+00 4.755282581475768211e+00 6.666666666666666963e+00
-2.938926261462364575e+00 4.045084971874737256e+00 6.666666666666666963e+00
-4.045084971874737256e+00 2.938926261462366352e+00 6.666666666666666963e+00
-4.755282581475768211e+00 1.545084971874737478e+00 6.666666666666666963e+00
-5.000000000000000000e+00 6.123233995736766282e-16 6.666666666666666963e+00
-4.755282581475769099e+00 -1.545084971874736368e+00 6.666666666666666963e+00
-4.045084971874738144e+00 -2.938926261462365019e+00 6.666666666666666963e+00
-2.938926261462366352e+00 -4.045084971874736368e+00 6.666666666666666963e+00
-1.545084971874738144e+00 -4.755282581475767323e+00 6.666666666666666963e+00
-9.184850993605147944e-16 -5.000000000000000000e+00 6.666666666666666963e+00
1.545084971874736368e+00 -4.755282581475768211e+00 6.666666666666666963e+00
2.938926261462364131e+00 -4.045084971874738144e+00 6.666666666666666963e+00
4.045084971874736368e+00 -2.938926261462366796e+00 6.666666666666666963e+00
4.755282581475767323e+00 -1.545084971874738144e+00 6.666666666666666963e+00
5.000000000000000000e+00 0.000000000000000000e+00 7.777777777777778567e+00
4.755282581475768211e+00 1.545084971874737034e+00 7.777777777777778567e+00
4.045084971874738144e+00 2.938926261462365908e+00 7.777777777777778567e+00
2.938926261462365908e+00 4.045084971874737256e+00 7.777777777777778567e+00
1.545084971874737478e+00 4.755282581475767323e+00 7.777777777777778567e+00
3.061616997868383141e-16 5.000000000000000000e+00 7.777777777777778567e+00
-1.545084971874737034e+00 4.755282581475768211e+00 7.777777777777778567e+00
-2.938926261462364575e+00 4.045084971874737256e+00 7.777777777777778567e+00
-4.045084971874737256e+00 2.938926261462366352e+00 7.777777777777778567e+00
-4.755282581475768211e+00 1.545084971874737478e+00 7.777777777777778567e+00
-5.000000000000000000e+00 6.123233995736766282e-16 7.777777777777778567e+00
-4.755282581475769099e+00 -1.545084971874736368e+00 7.777777777777778567e+00
-4.045084971874738144e+00 -2.938926261462365019e+00 7.777777777777778567e+00
-2.938926261462366352e+00 -4.045084971874736368e+00 7.777777777777778567e+00
-1.545084971874738144e+00 -4.755282581475767323e+00 7.777777777777778567e+00
-9.184850993605147944e-16 -5.000000000000000000e+00 7.777777777777778567e+00
1.545084971874736368e+00 -4.755282581475768211e+00 7.777777777777778567e+00
2.938926261462364131e+00 -4.045084971874738144e+00 7.777777777777778567e+00
4.045084971874736368e+00 -2.938926261462366796e+00 7.777777777777778567e+00
4.755282581475767323e+00 -1.545084971874738144e+00 7.777777777777778567e+00
5.000000000000000000e+00 0.000000000000000000e+00 8.888888888888889284e+00
4.755282581475768211e+00 1.545084971874737034e+00 8.888888888888889284e+00
4.045084971874738144e+00 2.938926261462365908e+00 8.888888888888889284e+00
2.938926261462365908e+00 4.045084971874737256e+00 8.888888888888889284e+00
1.545084971874737478e+00 4.755282581475767323e+00 8.888888888888889284e+00
3.061616997868383141e-16 5.000000000000000000e+00 8.888888888888889284e+00
-1.545084971874737034e+00 4.755282581475768211e+00 8.888888888888889284e+00
-2.938926261462364575e+00 4.045084971874737256e+00 8.888888888888889284e+00
-4.045084971874737256e+00 2.938926261462366352e+00 8.888888888888889284e+00
-4.755282581475768211e+00 1.545084971874737478e+00 8.888888888888889284e+00
-5.000000000000000000e+00 6.123233995736766282e-16 8.888888888888889284e+00
-4.755282581475769099e+00 -1.545084971874736368e+00 8.888888888888889284e+00
-4.045084971874738144e+00 -2.938926261462365019e+00 8.888888888888889284e+00
-2.938926261462366352e+00 -4.045084971874736368e+00 8.888888888888889284e+00
-1.545084971874738144e+00 -4.755282581475767323e+00 8.888888888888889284e+00
-9.184850993605147944e-16 -5.000000000000000000e+00 8.888888888888889284e+00
1.545084971874736368e+00 -4.755282581475768211e+00 8.888888888888889284e+00
2.938926261462364131e+00 -4.045084971874738144e+00 8.888888888888889284e+00
4.045084971874736368e+00 -2.938926261462366796e+00 8.888888888888889284e+00
4.755282581475767323e+00 -1.545084971874738144e+00 8.888888888888889284e+00
5.000000000000000000e+00 0.000000000000000000e+00 1.000000000000000000e+01
4.755282581475768211e+00 1.545084971874737034e+00 1.000000000000000000e+01
4.045084971874738144e+00 2.938926261462365908e+00 1.000000000000000000e+01
2.938926261462365908e+00 4.045084971874737256e+00 1.000000000000000000e+01
1.545084971874737478e+00 4.755282581475767323e+00 1.000000000000000000e+01
3.061616997868383141e-16 5.000000000000000000e+00 1.000000000000000000e+01
-1.545084971874737034e+00 4.755282581475768211e+00 1.000000000000000000e+01
-2.938926261462364575e+00 4.045084971874737256e+00 1.000000000000000000e+01
-4.045084971874737256e+00 2.938926261462366352e+00 1.000000000000000000e+01
-4.755282581475768211e+00 1.545084971874737478e+00 1.000000000000000000e+01
-5.000000000000000000e+00 6.123233995736766282e-16 1.000000000000000000e+01
-4.755282581475769099e+00 -1.545084971874736368e+00 1.000000000000000000e+01
-4.045084971874738144e+00 -2.938926261462365019e+00 1.000000000000000000e+01
-2.938926261462366352e+00 -4.045084971874736368e+00 1.000000000000000000e+01
-1.545084971874738144e+00 -4.755282581475767323e+00 1.000000000000000000e+01
-9.184850993605147944e-16 -5.000000000000000000e+00 1.000000000000000000e+01
1.545084971874736368e+00 -4.755282581475768211e+00 1.000000000000000000e+01
2.938926261462364131e+00 -4.045084971874738144e+00 1.000000000000000000e+01
4.045084971874736368e+00 -2.938926261462366796e+00 1.000000000000000000e+01
4.755282581475767323e+00 -1.545084971874738144e+00 1.000000000000000000e+01
