1152.494636,-2.074655,712.742316
1423.446168,-171.397529,1425.527800
1154.464814,50.950485,712.645643
1418.442950,-118.284000,1425.545737
1153.132119,103.903392,712.513178
1410.603086,-65.368882,1425.599506
1148.740232,156.680854,712.344837
1400.171164,-12.743702,1425.689171
1141.534870,209.191239,712.140598
1387.392675,39.500460,1425.814792
1131.762642,261.343257,711.900423
1372.513659,91.273143,1425.976408
1119.670641,313.046247,711.624256
1355.780233,142.484604,1426.174096
1105.506099,364.210123,711.312025
1337.418725,193.046028,1426.407929
1089.515967,414.745684,710.963639
1317.494530,242.869531,1426.678016
1071.939194,464.564670,710.579033
1295.994918,291.868376,1426.984445
1052.881873,513.579895,710.158122
1272.907629,339.957167,1427.327361
1032.336628,561.705134,709.700728
1248.221786,387.051725,1427.706845
1010.293477,608.855852,709.206771
1221.927382,433.078627,1428.123076
986.743749,654.948704,708.676118
1194.015981,477.986959,1428.576171
961.680017,699.906546,708.108577
1164.480131,521.730573,1429.066324
935.096092,743.675991,707.504022
1133.313745,564.264666,1429.593685
906.987279,786.211166,706.862306
1100.518998,605.545800,1430.158443
877.350042,827.467791,706.183230
1066.152938,645.532026,1430.760802
846.184389,867.402987,705.466613
1030.297733,684.183079,1431.400966
813.533946,905.975053,704.712221
993.035695,721.460063,1432.079155
779.480922,943.144357,703.919884
954.448463,757.326114,1432.795606
744.108994,978.872332,703.089330
914.617664,791.745722,1433.550553
707.501169,1013.122522,702.220355
873.623932,824.685578,1434.344249
669.740320,1045.859763,701.312704
831.547681,856.113852,1435.176962
630.908244,1077.051152,700.366130
788.468431,886.000753,1436.048978
591.086788,1106.664914,699.380344
744.465017,914.318340,1436.960601
550.356366,1134.671816,698.355113
699.615182,941.040836,1437.912091
508.796886,1161.044035,697.290074
653.995807,966.144332,1438.903786
466.487349,1185.755871,696.184960
607.682691,989.607023,1439.936001
423.505446,1208.783793,695.039494
560.750590,1011.409136,1441.009087
379.928146,1230.105889,693.853300
513.272655,1031.533223,1442.123372
335.831051,1249.702565,692.626068
465.321279,1049.963734,1443.279243
291.288428,1267.556406,691.357517
416.967148,1066.695690,1444.477040
246.373529,1283.651646,690.047176
368.279445,1081.748568,1445.717162
201.158000,1297.977149,688.694730
319.326080,1095.146811,1446.999984
155.712074,1310.543760,687.299850
270.173126,1106.915983,1448.325917
110.104410,1321.374611,685.862111
220.885442,1117.082585,1449.695391
64.402250,1330.493994,684.381147
171.525676,1125.674246,1451.108805
18.671027,1337.927055,682.856493
122.155423,1132.719537,1452.566625
-27.025235,1343.700055,681.287816
72.836409,1138.247966,1454.069280
-72.624477,1347.840043,679.674660
23.628325,1142.290051,1455.617222
-118.065286,1350.375061,678.016614
-25.410684,1144.877189,1457.210916
-163.286199,1351.333898,676.313237
-74.224491,1146.041721,1458.850863
-208.228768,1350.746284,674.564049
-122.759481,1145.816833,1460.537497
-252.835989,1348.642877,672.768642
-170.963869,1144.236608,1462.271368
-297.052560,1345.055129,670.926575
-218.787792,1141.335934,1464.052958
-340.826163,1340.015077,669.037272
-266.183546,1137.150552,1465.882802
-384.105546,1333.556013,667.100397
-313.105913,1131.716887,1467.761371
-426.842193,1325.711588,665.115386
-359.511620,1125.072169,1469.689197
-468.989667,1316.516364,663.081765
-405.359850,1117.256367,1471.666869
-510.503082,1306.005715,660.999048
-450.611525,1108.321567,1473.694903
-551.340415,1294.215734,658.866791
-495.229417,1098.323933,1475.773809
-591.461167,1281.187271,656.684459
-539.179537,1087.319076,1477.904162
-630.827666,1266.971954,654.451494
-582.429763,1075.362286,1480.086552
-669.403640,1251.623352,652.167506
-624.949476,1062.508579,1482.321504
-707.155521,1235.194143,649.831878
-666.711212,1048.812226,1484.609603
-744.051659,1217.737103,647.444198
-707.688301,1034.327489,1486.951394
-780.062127,1199.304535,645.003914
-747.857388,1019.107685,1489.347460
-815.159797,1179.948238,642.510538
-787.196860,1003.205677,1491.798368
-849.319259,1159.719629,639.963519
-825.687148,986.673813,1494.304719
-882.516924,1138.670065,637.362422
-863.310477,969.563777,1496.867017
-914.731833,1116.850097,634.706752
-900.050938,951.926892,1499.485863
-945.944243,1094.310221,631.995999
-935.895318,933.813275,1502.161815
-976.137467,1071.099976,629.229686
-970.831605,915.272801,1504.895432
-1005.295092,1047.269402,626.407323
-1004.851995,896.355437,1507.687248
-1033.404320,1022.867112,623.528434
-1037.955212,877.115806,1510.537835
-1060.453316,997.942004,620.592633
-1070.140785,857.610465,1513.447689
-1086.433349,972.542449,617.599406
-1101.409631,837.894394,1516.417365
-1111.341627,946.720659,614.548383
-1131.763769,818.020795,1519.447338
-1135.177016,920.531873,611.439057
-1161.206045,798.041545,1522.538103
-1157.940087,894.030431,608.271168
-1189.740589,778.006619,1525.690147
-1179.631869,867.269640,605.044261
-1217.372032,757.964824,1528.903952
-1200.255446,840.301042,601.757994
-1244.106585,737.962379,1532.179918
-1219.813525,813.176396,598.412038
-1269.950191,718.045131,1535.518472
-1238.311057,785.945242,595.006085
-1294.910021,698.256822,1538.920034
-1255.753562,758.656612,591.539923
-1318.994328,678.638648,1542.384885
-1272.146831,731.358758,588.013173
-1342.211281,659.231431,1545.913433
-1287.498528,704.098348,584.425673
-1364.569799,640.073895,1549.505966
-1301.816399,676.921997,580.777313
-1386.081248,621.202738,1553.162726
-1315.109102,649.874975,577.067896
-1406.758765,602.653299,1556.883941
-1327.386482,623.001228,573.297315
-1426.615436,584.459347,1560.669809
-1338.657987,596.345124,569.465427
-1445.664136,566.653060,1564.520479
-1348.936100,569.949324,565.572339
-1463.917866,549.264337,1568.436042
-1358.234758,543.855805,561.618002
-1481.388799,532.322408,1572.416556
-1366.568098,518.106230,557.602504
-1498.089487,515.853526,1576.462009
-1373.950614,492.741218,553.525964
-1514.031358,499.883785,1580.572367
-1380.396663,467.801313,549.388598
-1529.225931,484.436457,1584.747483
-1385.921051,443.325112,545.190592
-1543.684267,469.533336,1588.987215
-1390.538183,419.347721,540.932256
-1557.416584,455.195005,1593.291291
-1394.263051,395.900251,536.613930
-1570.432677,441.440319,1597.659419
-1397.110154,373.013726,532.236033
-1582.741907,428.286091,1602.091228
-1399.094592,350.717327,527.799143
-1594.352985,415.747634,1606.586312
-1400.230641,329.039806,523.303661
-1605.273748,403.838922,1611.144092
-1400.533394,308.007913,518.750258
-1615.511483,392.572896,1615.764010
-1400.017300,287.648870,514.139726
-1625.072679,381.960909,1620.445359
-1398.696909,267.987429,509.472694
-1633.963263,372.012295,1625.187418
-1396.586758,249.048222,504.750090
-1642.188170,362.735159,1629.989320
-1393.701426,230.853939,499.972808
-1649.751862,354.135082,1634.850143
-1390.054901,213.427629,495.141833
-1656.657674,346.217064,1639.768869
-1385.661727,196.790292,490.258301
-1662.908288,338.984058,1644.744370
-1380.535618,180.962964,485.323283
-1668.505729,332.437172,1649.775500
-1374.690842,165.964964,480.338142
-1673.451119,326.576178,1654.860941
-1368.140942,151.814827,475.304107
-1677.744793,321.399466,1659.999292
-1360.899662,138.529862,470.222623
-1681.386386,316.903941,1665.189114
-1352.980505,126.125897,465.095126
-1684.374879,313.084623,1670.428832
-1344.396934,114.618505,459.923292
-1686.708406,309.935786,1675.716773
-1335.161814,104.021832,454.708639
-1688.384312,307.451114,1681.051210
-1325.293534,94.348528,449.452954
-1689.399708,305.620998,1686.430251
-1314.895392,85.610775,444.158085
-1689.751348,304.436265,1691.852033
-1304.144454,77.819348,438.825833
-1689.446077,303.886839,1697.314505
-1293.226377,70.984530,433.458206
-1688.500468,303.960771,1702.815565
-1282.332746,65.114684,428.057208
-1686.931833,304.645040,1708.353035
-1271.660209,60.217444,422.624993
-1684.757691,305.926863,1713.924641
-1261.351798,56.300397,417.163572
-1681.996002,307.792089,1719.528072
-1251.431752,53.368279,411.675288
-1678.665185,310.225112,1725.160888
-1241.906436,51.426709,406.162463
-1674.783708,313.211196,1730.820633
-1232.779978,50.478587,400.627208
-1670.370466,316.733887,1736.504776
-1224.054821,50.527085,395.072125
-1665.444404,320.777433,1742.210722
-1215.730969,51.573650,389.499617
-1660.024837,325.324265,1747.935800
-1207.806061,53.619210,383.912025
-1654.130959,330.357805,1753.677356
-1200.275883,56.663463,378.311849
-1647.782138,335.860789,1759.432620
-1193.134208,60.705168,372.701686
-1640.997601,341.816114,1765.198867
-1186.372701,65.742048,367.084089
-1633.796600,348.206198,1770.973287
-1179.981011,71.771002,361.461621
-1626.198022,355.014761,1776.753089
-1173.946720,78.788466,355.836779
-1618.220702,362.224472,1782.535431
-1168.255872,86.788918,350.212181
-1609.883080,369.818421,1788.317504
-1162.892575,95.766748,344.590484
-1601.203175,377.780613,1794.096461
-1157.839190,105.713872,338.974148
-1592.198544,386.094853,1799.869500
-1153.076414,116.611067,333.365764
-1582.886128,394.749178,1805.633795
-1148.583519,128.431912,327.767888
-1573.282250,403.737875,1811.386580
-1144.338374,141.149185,322.183071
-1563.402582,413.056327,1817.125078
-1140.317340,154.735852,316.613806
-1553.261828,422.701022,1822.846602
-1136.495624,169.163992,311.062470
-1542.874031,432.668131,1828.548427
-1132.847134,184.406126,305.531485
-1532.252029,442.955183,1834.227957
-1129.345041,200.433095,300.023264
-1521.407990,453.558590,1839.882559
-1125.961120,217.217490,294.540172
-1510.352561,464.476868,1845.509780
-1122.666669,234.730209,289.084367
-1499.095607,475.707849,1851.107098
-1119.431832,252.943771,283.658105
-1487.645564,487.250097,1856.672158
-1116.226519,271.828912,278.263548
-1476.009897,499.101475,1862.202610
-1113.019595,291.358420,272.902769
-1464.194491,511.261719,1867.696192
-1109.779714,311.504171,267.577739
-1452.203986,523.729586,1873.150783
-1106.475185,332.237935,262.290452
-1440.041822,536.503769,1878.564281
-1103.073757,353.532672,257.042785
-1427.709881,549.583905,1883.934679
-1099.543116,375.361070,251.836482
-1415.208805,562.968969,1889.260044
-1095.850691,397.696344,246.673269
-1402.537680,576.658252,1894.538575
-1091.966979,420.511958,241.554741
-1389.694269,590.650513,1899.768563
-1087.875698,443.781433,236.482494
-1376.674885,604.945181,1904.948314
-1083.563082,467.482369,231.457985
-1363.474429,619.540523,1910.076343
-1079.014617,491.595565,226.482653
-1350.086637,634.434584,1915.151138
-1074.214610,516.102699,221.557753
-1336.503614,649.625363,1920.171382
-1069.146368,540.985238,216.684493
-1322.716312,665.110498,1925.135740
-1063.792416,566.223888,211.864046
-1308.714189,680.886660,1930.043133
-1058.134282,591.799549,207.097509
-1294.485771,696.950037,1934.892390
-1052.152935,617.692653,202.385829
-1280.018092,713.296459,1939.682519
-1045.828136,643.884325,197.729930
-1265.297149,729.920593,1944.412616
-1039.139307,670.354643,193.130568
-1250.307795,746.816098,1949.081916
-1032.065132,697.083108,188.588585
-1235.033819,763.976624,1953.689580
-1024.583456,724.049538,184.104646
-1219.458039,781.393891,1958.235011
-1016.671756,751.232933,179.679313
-1203.562256,799.059512,1962.717618
-1008.307040,778.611395,175.313211
-1187.327661,816.964056,1967.136885
-999.465935,806.162892,171.006689
-1170.734284,835.097952,1971.492385
-990.124663,833.864177,166.760292
-1153.761668,853.449929,1975.783771
-980.258696,861.692730,162.574249
-1136.388626,872.007962,1980.010723
-969.844038,889.623577,158.448861
-1118.593323,890.758651,1984.173059
-958.855805,917.632161,154.384374
-1100.353364,909.687753,1988.270587
-947.269603,945.692045,150.380989
-1081.646313,928.778915,1992.303193
-935.060473,973.777095,146.438706
-1062.448614,948.015638,1996.270878
-922.203481,1001.859457,142.557745
-1042.737114,967.379095,2000.173614
-908.674431,1029.910328,138.738030
-1022.488392,986.849152,2004.011436
-894.450906,1057.900236,134.979526
-1001.678119,1006.406544,2007.784533
-879.512181,1085.798288,131.282156
-980.282564,1026.033223,2011.493006
-863.837610,1113.573114,127.645822
-958.277883,1045.709698,2015.137036
-847.408339,1141.190819,124.070413
-935.640429,1065.414442,2018.716881
-830.205391,1168.617780,120.555629
-912.349299,1085.123747,2022.232813
-812.210833,1195.818253,117.101393
-888.385292,1104.812101,2025.685150
-793.407707,1222.755865,113.707300
-863.730067,1124.451809,2029.074222
-773.780229,1249.392063,110.373200
-838.366049,1144.013220,2032.400361
-753.313700,1275.687536,107.098668
-812.276734,1163.464197,2035.664002
-731.993838,1301.601741,103.883464
-785.445838,1182.771436,2038.865567
-709.808178,1327.092425,100.727191
-757.859145,1201.898582,2042.005456
-686.745436,1352.115988,97.629424
-729.502820,1220.807739,2045.084190
-662.795177,1376.627459,94.589843
-700.364237,1239.459245,2048.102180
-637.948952,1400.580549,91.608022
-670.432348,1257.810769,2051.059989
-612.200572,1423.933295,88.683506
-639.696856,1275.818770,2053.958069
-585.550038,1446.645811,85.815844
-608.148981,1293.437256,2056.797013
-557.999941,1468.677554,83.004601
-575.781399,1310.618719,2059.577274
-529.555165,1489.987225,80.249273
-542.589126,1327.317833,2062.299453
-500.222489,1510.532770,77.549446
-508.573887,1343.493290,2064.964078
-470.010707,1530.271697,74.904582
-473.739871,1359.103736,2067.571709
-438.931254,1549.160403,72.314243
-438.095330,1374.105637,2070.122887
-406.996968,1567.155195,69.777863
-401.648801,1388.455482,2072.618222
-374.223740,1584.211034,67.295062
-364.412371,1402.108196,2075.058260
-340.629351,1600.282790,64.865207
-326.399625,1415.018211,2077.443542
-306.234014,1615.324383,62.487838
-287.627013,1427.138662,2079.774686
-271.060264,1629.289196,60.162447
-248.112328,1438.422455,2082.052223
-235.132805,1642.130009,57.888579
-207.876811,1448.821039,2084.276740
-198.478252,1653.799236,55.665693
-166.941799,1458.285770,2086.448787
-161.126711,1664.248417,53.493283
-125.332320,1466.766704,2088.568961
-123.109810,1673.432084,51.370846
-83.075179,1474.213708,2090.637754
-84.461402,1681.315908,49.297912
-40.199813,1480.575759,2092.655770
-45.218758,1687.868332,47.273956
3.261870,1485.801490,2094.623546
-5.419549,1693.058533,45.298494
47.275535,1489.845683,2096.541601
34.894177,1696.856032,43.371020
91.804204,1492.673723,2098.410490
75.679046,1699.231008,41.491108
136.808500,1494.252515,2100.230744
116.889611,1700.154279,39.658281
182.246411,1494.549569,2102.002856
158.478058,1699.597269,37.872049
228.074126,1493.532947,2103.727361
200.393836,1697.532057,36.131976
274.244999,1491.171368,2105.404750
242.584563,1693.931419,34.437591
320.710109,1487.434248,2107.035495
284.995479,1688.768856,32.788427
367.418317,1482.291613,2108.620106
327.570311,1682.018522,31.184112
414.316159,1475.714260,2110.159065
370.251968,1673.655333,29.624177
461.348401,1467.673773,2111.652808
412.981785,1663.655094,28.108236
508.456822,1458.142527,2113.101804
455.699702,1651.994317,26.635810
555.582478,1447.093614,2114.506529
498.344186,1638.650236,25.206569
602.666006,1434.501142,2115.867353
540.851067,1623.601167,23.820116
649.646236,1420.339933,2117.184739
583.155125,1606.826709,22.476060
696.460088,1404.585870,2118.459071
625.189334,1588.323277,21.173992
743.043159,1387.215488,2119.690800
666.885115,1568.105779,19.913608
789.329014,1368.206530,2120.880274
708.172202,1546.191972,18.694520
835.249532,1347.544941,2122.027891
748.979062,1522.601591,17.516409
880.735449,1325.241400,2123.134007
789.232627,1497.356414,16.378924
925.715593,1301.313442,2124.198986
828.858823,1470.480079,15.281779
970.117794,1275.780503,2125.223173
867.782185,1441.998139,14.224610
1013.868150,1248.664279,2126.206894
905.926084,1411.938288,13.207205
1056.891917,1219.988248,2127.150483
943.213210,1380.329549,12.229197
1099.113126,1189.777946,2128.054233
979.564630,1347.203433,11.290319
1140.454688,1158.060825,2128.918461
1014.901320,1312.592719,10.390360
1180.838486,1124.866349,2129.743448
1049.143021,1276.532069,9.529004
1220.185778,1090.225675,2130.529455
1082.208968,1239.057891,8.706036
1258.416882,1054.171839,2131.276769
1114.017752,1200.208119,7.921171
1295.451570,1016.739586,2131.985638
1144.487636,1160.022487,7.174267
1331.208799,977.965607,2132.656314
1173.540708,1118.542004,6.465115
1365.607454,937.887996,2133.288969
1201.147463,1075.809286,5.793440
1398.565804,896.546491,2133.883881
1227.311325,1031.868289,5.159071
1430.002980,853.982395,2134.441248
1252.037571,986.764413,4.561889
1459.874616,810.238643,2134.961233
1275.332347,940.544440,4.001631
1488.183247,765.359482,2135.444041
1297.203608,893.266884,3.478253
1514.935622,719.390511,2135.889840
1317.659956,845.012116,2.991528
1540.139660,672.378704,2136.298798
1336.711513,795.864286,2.541364
1563.804496,624.378420,2136.671030
1354.369428,745.908779,2.127608
1585.940501,575.467518,2137.006730
1370.634655,695.232426,1.750163
1606.559117,525.730920,2137.305958
1385.364040,643.922988,1.408948
1625.672985,475.254451,2137.568875
1398.313744,592.069431,1.103860
1643.292302,424.125493,2137.795544
1409.237377,539.761429,0.834812
1659.314942,372.432116,2137.986112
1417.888282,487.089470,0.601737
1673.503024,320.263744,2138.140590
1424.020044,434.144662,0.404621
1685.610489,267.710220,2138.259108
1427.386453,381.018563,0.243349
1695.391433,214.862302,2138.341683
1427.742507,327.803105,0.117943
1702.600488,161.811241,2138.388354
1425.647661,285.116286,0.028402
1706.993204,108.648600,2138.399199
1425.410587,285.109140,2851.116808
1708.326450,55.466459,2138.374164
1425.375167,285.104379,2851.098882
1706.358761,2.356680,2138.313355
1425.410570,285.109137,2851.116799
1706.367800,2.533842,2138.216702
1425.647714,285.116286,0.028422
1706.381076,2.791924,2138.084236
1425.889351,285.117671,0.118066
1706.397650,3.119899,2137.915895
1426.227727,285.119419,0.243687
1706.417315,3.517845,2137.711637
1426.662711,285.121334,0.405324
1706.439811,3.985719,2137.471482
1427.194044,285.123167,0.602992
1706.464844,4.523777,2137.195295
1427.821764,285.124614,0.836845
1706.492063,5.131999,2136.883083
1428.545566,285.125312,1.106931
1706.521084,5.810663,2136.534698
1429.365229,285.124841,1.413361
1706.551460,6.559811,2136.150111
1430.280507,285.122726,1.756256
1706.582711,7.379741,2135.729161
1431.291131,285.118430,2.135760
1706.614296,8.270551,2135.271786
1432.396697,285.111362,2.551991
1706.645632,9.232558,2134.777810
1433.596781,285.100869,3.005087
1706.676077,10.265876,2134.247156
1434.891029,285.086239,3.495239
1706.704944,11.370836,2133.679636
1436.278857,285.066698,4.022581
1706.731487,12.547678,2133.075100
1437.759961,285.041411,4.587378
1706.754905,13.796665,2132.433385
1439.333484,285.009485,5.189718
1706.774342,15.118082,2131.754308
1440.999059,284.969957,5.829902
1706.788881,16.512238,2131.037671
1442.755874,284.921807,6.508091
1706.797544,17.979378,2130.283299
1444.603181,284.863948,7.224502
1706.799292,19.519885,2129.490942
1446.540408,284.795222,7.979449
1706.793020,21.134003,2128.660408
1448.566735,284.714407,8.773185
1706.777556,22.822141,2127.791415
1450.681098,284.620223,9.605897
1706.751659,24.584491,2126.883781
1452.882712,284.511309,10.477915
1706.714015,26.421448,2125.937209
1455.170527,284.386241,11.389498
1706.663236,28.333335,2124.951422
1457.543658,284.243515,12.341007
1706.597858,30.320402,2123.926173
1460.000887,284.081568,13.332702
1706.516334,32.383021,2122.861133
1462.541032,283.898761,14.364897
1706.417037,34.521406,2121.756039
1465.163061,283.693363,15.438001
1706.298250,36.735881,2120.610553
1467.865512,283.463597,16.552288
1706.158168,39.026689,2119.424360
1470.647142,283.207586,17.708159
1705.994895,41.394025,2118.197149
1473.506470,282.923390,18.905956
1705.806434,43.838141,2116.928554
1476.442055,282.608980,20.146079
1705.590686,46.359238,2115.618212
1479.452293,282.262259,21.428900
1705.345454,48.957411,2114.265789
1482.535621,281.881032,22.754854
1705.068428,51.632775,2112.870909
1485.690216,281.463051,24.124305
1704.757181,54.385442,2111.433168
1488.914398,281.005952,25.537724
1704.409172,57.215418,2109.952182
1492.206283,280.507305,26.995542
1704.021743,60.122625,2108.427576
1495.563948,279.964590,28.498215
1703.592087,63.107095,2106.858875
1498.985214,279.375231,30.046136
1703.117302,66.168521,2105.245743
1502.468094,278.736520,31.639833
1702.594311,69.306787,2103.587694
1506.010329,278.045695,33.279759
1702.019909,72.521590,2101.884296
1509.609694,277.299882,34.966435
1701.390752,75.812494,2100.135133
1513.263680,276.496162,36.700303
1700.703320,79.179085,2098.339719
1516.969828,275.631500,38.481879
1699.953951,82.620764,2096.497609
1520.725609,274.702767,40.311702
1699.138807,86.136854,2094.608335
1524.528291,273.706776,42.190267
1698.253886,89.726535,2092.671435
1528.375111,272.640234,44.118111
1697.295009,93.388856,2090.686446
1532.263265,271.499750,46.095808
1696.257772,97.122872,2088.652820
1536.189624,270.281910,48.123826
1695.137639,100.927268,2086.570129
1540.151134,268.983175,50.202728
1693.929834,104.800722,2084.437856
1544.144637,267.599919,52.333081
1692.629384,108.741708,2082.255502
1548.166887,266.128432,54.515470
1691.231250,112.748501,2080.022575
1552.214421,264.564969,56.750422
1689.731002,116.819249,2077.738544
1556.283724,262.905696,59.038494
1688.124466,120.951773,2075.402943
1560.371263,261.146672,61.380297
1686.407385,125.143769,2073.015258
1564.473291,259.283937,63.776379
1684.575466,129.392690,2070.574974
1568.585992,257.313453,66.227309
1682.624384,133.695725,2068.081591
1572.705419,255.231143,68.733639
1680.549780,138.049816,2065.534601
1576.827535,253.032876,71.295921
1678.347279,142.451617,2062.933504
1580.948333,250.714405,73.914790
1676.012523,146.897439,2060.277834
1585.063458,248.271585,76.590712
1673.541087,151.383398,2057.567059
1589.168773,245.700058,79.324351
1670.928638,155.905132,2054.800746
1593.259741,242.995634,82.116160
1668.170777,160.458087,2051.978375
1597.332001,240.153940,84.966755
1665.263196,165.037232,2049.099503
1601.380915,237.170734,87.876609
1662.201644,169.637146,2046.163703
1605.401915,234.041673,90.846285
1658.981813,174.252169,2043.170457
1609.390266,230.762509,93.876258
1655.599642,178.875967,2040.119421
1613.341179,227.329022,96.966991
1652.051021,183.501959,2037.010141
1617.249990,223.736877,100.119068
1648.332008,188.123014,2033.842239
1621.111769,219.981982,103.332884
1644.438743,192.731567,2030.615322
1624.921597,216.060288,106.608839
1640.367562,197.319484,2027.329066
1628.674640,211.967719,109.947405
1636.114889,201.878195,2023.983110
1632.365981,207.700368,113.348968
1631.677356,206.398543,2020.577146
1635.990610,203.254566,116.813795
1627.051902,210.870715,2017.110972
1639.543764,198.626498,120.342342
1622.235448,215.284546,2013.584234
1643.020515,193.812741,123.934851
1617.225319,219.629113,2009.996734
1646.416100,188.809883,127.591648
1612.019207,223.892797,2006.348374
1649.725647,183.614961,131.312840
1606.614871,228.063548,2002.638934
1652.944579,178.224898,135.098732
1601.010539,232.130106,1998.868338
1656.068252,172.637114,138.949401
1595.204708,236.084344,1995.036504
1659.092209,166.849177,142.864964
1589.196233,239.918467,1991.143385
1662.012121,160.858949,146.845479
1582.984490,243.624493,1987.189064
1664.823793,154.664650,150.890925
1576.569111,247.194447,1983.173566
1667.523263,148.264704,155.001308
1569.950306,250.620188,1979.097049
1670.106657,141.658165,159.176407
1563.128662,253.893565,1974.959666
1672.570450,134.844162,163.416139
1556.105284,257.006353,1970.761637
1674.911275,127.822460,167.720215
1548.881906,259.950248,1966.503300
1677.126066,120.593178,172.088333
1541.460723,262.716969,1962.185002
1679.212059,113.156864,176.520143
1533.844466,265.298243,1957.807129
1681.166814,105.514503,181.015247
1526.036590,267.685774,1953.370205
1682.988152,97.667919,185.572982
1518.041017,269.871353,1948.874734
1684.674387,89.618931,190.192924
1509.862410,271.846801,1944.321344
1686.224109,81.370380,194.874296
1501.506169,273.604011,1939.710778
1687.636364,72.925501,199.616343
1492.978201,275.135022,1935.043757
1688.910636,64.288050,204.418269
1484.285226,276.431984,1930.321142
1690.046825,55.462635,209.279057
1475.434666,277.487207,1925.543871
1691.045352,46.454140,214.197796
1466.434545,278.293202,1920.712896
1691.907082,37.268428,219.173296
1457.293795,278.842674,1915.829353
1692.633412,27.911741,224.204426
1448.021899,279.128582,1910.894359
1693.226244,18.391149,229.289868
1438.629230,279.144147,1905.909206
1693.688010,8.714370,234.428219
1429.126681,278.882889,1900.875158
1694.021688,-1.110286,239.618027
1419.526072,278.338651,1895.793674
1694.230800,-11.071289,244.857760
1409.839723,277.505622,1890.666190
1694.318219,-21.150804,250.145738
1400.080819,276.378379,1885.494320
1694.274030,-31.329165,255.480147
1390.263085,274.951895,1880.279689
1694.079808,-41.585837,260.859187
1380.400921,273.221574,1875.024027
1693.716430,-51.899264,266.280976
1370.509317,271.183275,1869.729128
1693.164260,-62.246690,271.743427
1360.603886,268.833339,1864.396892
1692.403198,-72.604666,277.244487
1350.700727,266.168605,1859.029265
1691.412760,-82.948782,282.781964
1340.816439,263.186428,1853.628273
1690.172148,-93.253889,288.353609
1330.968084,259.884714,1848.196021
1688.660355,-103.493969,293.957002
1321.173044,256.261899,1842.734638
1686.856179,-113.642747,299.589840
1311.449134,252.317023,1837.246376
1684.738399,-123.673154,305.249603
1301.814358,248.049678,1831.733491
1682.285836,-133.557721,310.933706
1292.286922,243.460039,1826.198292
1679.477386,-143.268894,316.639634
1282.885313,238.548946,1820.643213
1676.292184,-152.778837,322.364770
1273.627945,233.317770,1815.070645
1672.709776,-162.059410,328.106308
1264.533293,227.768515,1809.483053
1668.710058,-171.082767,333.861551
1255.619734,221.903766,1803.882914
1664.273438,-179.821242,339.627778
1246.905570,215.726745,1798.272772
1659.380976,-188.247591,345.402198
1238.408833,209.243163,1792.655157
1654.014414,-196.343203,351.182041
1230.147349,202.465631,1787.032670
1648.156473,-204.100490,356.964363
1222.138448,195.408497,1781.407828
1641.790594,-211.513519,362.746417
1214.399198,188.086796,1775.783269
1634.901240,-218.576963,368.525413
1206.946031,180.515923,1770.161534
1627.474100,-225.286041,374.298451
1199.794872,172.711741,1764.545196
1619.495936,-231.636785,380.062728
1192.961033,164.690492,1758.936835
1610.954686,-237.625977,385.815494
1186.459099,156.468658,1753.338978
1601.839629,-243.251077,391.553993
1180.302939,148.062989,1747.754158
1592.141265,-248.510334,397.275575
1174.505591,139.490347,1742.184854
1581.851892,-253.402516,402.977400
1169.079237,130.767669,1736.633501
1570.964936,-257.927294,408.656869
1164.035226,121.912006,1731.102555
1559.475191,-262.085077,414.311476
1159.383886,112.940225,1725.594334
1547.378960,-265.876941,419.938753
1155.134667,103.869236,1720.111204
1534.675576,-269.304498,425.536055
1151.295962,94.715663,1714.655400
1521.438000,-272.370214,431.101070
1147.875204,85.496036,1709.229175
1507.858207,-275.077186,436.631560
1144.878723,76.226413,1703.834612
1494.133883,-277.429036,442.125150
1142.311868,66.922693,1698.473825
1480.455056,-279.430081,447.579726
1140.178918,57.600320,1693.148818
1467.003999,-281.085193,452.993224
1138.483089,48.274358,1687.861546
1453.917819,-282.399777,458.363615
1137.221266,38.959317,1682.613842
1441.215906,-283.379773,463.689018
1136.377826,29.669299,1677.407517
1428.895671,-284.031588,468.967548
1135.935370,20.417877,1672.244305
1416.953772,-284.362102,474.197512
1135.876438,11.217933,1667.125791
1405.386518,-284.378607,479.377250
1136.183585,2.081920,1662.053566
1394.189548,-284.088776,484.505292
1136.839427,-6.978473,1657.029058
1383.358408,-283.500634,489.580111
1137.826678,-15.951994,1652.053713
1372.888089,-282.622527,494.600342
1139.128213,-24.828160,1647.128826
1362.773317,-281.463095,499.564665
1140.727129,-33.597210,1642.255567
1353.008019,-280.031161,504.472082
1142.606730,-42.249840,1637.435132
1343.586540,-278.335859,509.321327
1144.750607,-50.777477,1632.668594
1334.502527,-276.386450,514.111432
1147.142683,-59.172278,1627.956903
1325.749305,-274.192315,518.841564
1149.767201,-67.426958,1623.300981
1317.320214,-271.763002,523.510853
1152.608781,-75.534904,1618.701653
1309.208373,-269.108150,528.118528
1155.652441,-83.490150,1614.159660
1301.406690,-266.237442,532.663924
1158.883567,-91.287239,1609.675731
1293.907794,-263.160536,537.146546
1162.288052,-98.921509,1605.250412
1286.704459,-259.887189,541.565823
1165.852154,-106.388699,1600.884287
1279.789277,-256.427112,545.921314
1169.562653,-113.685270,1596.577783
1273.154696,-252.790015,550.212700
1173.406722,-120.808082,1592.331350
1266.793207,-248.988336,554.439679
1177.372037,-127.754606,1588.145325
1260.697273,-245.037435,558.602014
1181.446781,-134.522871,1584.019955
1254.859342,-240.952208,562.699542
1185.619576,-141.111325,1579.955467
1249.271911,-236.746917,566.732131
1189.879480,-147.518825,1575.952066
1243.927358,-232.435052,570.699816
1194.216107,-153.744798,1572.009822
1238.818294,-228.029597,574.602553
1198.619448,-159.788952,1568.128837
1233.937325,-223.542851,578.440390
1203.080024,-165.651481,1564.309107
1229.277087,-218.986451,582.213458
1207.588781,-171.332912,1560.550603
1224.830276,-214.371388,585.921958
1212.137141,-176.834146,1556.853234
1220.589843,-209.708223,589.565998
1216.716891,-182.156318,1553.216923
1216.548727,-205.006824,593.145820
1221.320329,-187.300964,1549.641491
1212.699949,-200.276456,596.661729
1225.940143,-192.269863,1546.126742
1209.036656,-195.525833,600.114066
1230.569412,-197.065030,1542.672460
1205.552156,-190.763183,603.503173
1235.201613,-201.688721,1539.278390
1202.240007,-185.996396,606.829300
1239.830566,-206.143367,1535.944279
1199.093673,-181.232554,610.092952
1244.450594,-210.431725,1532.669747
1196.106944,-176.478532,613.294473
1249.056163,-214.556521,1529.454543
1193.273616,-171.740544,616.434372
1253.642263,-218.520813,1526.298260
1190.587712,-167.024494,619.513098
1258.204157,-222.327739,1523.200513
1188.043377,-162.335829,622.531143
1262.737350,-225.980506,1520.160945
1185.634981,-157.679746,625.488928
1267.237754,-229.482507,1517.179111
1183.356918,-153.060830,628.387040
1271.701502,-232.837180,1514.254594
1181.203842,-148.483516,631.225944
1276.125080,-236.048091,1511.386916
1179.170472,-143.951729,634.006229
1280.505097,-239.118772,1508.575673
1177.251746,-139.469214,636.728401
1284.838567,-242.052918,1505.820354
1175.442719,-135.039345,639.393018
1289.122597,-244.854162,1503.120527
1173.738610,-130.665241,642.000626
1293.354640,-247.526250,1500.475677
1172.134750,-126.349664,644.551827
1297.532299,-250.072902,1497.885324
1170.626658,-122.095223,647.047162
1301.653389,-252.497855,1495.348972
1169.209983,-117.904256,649.487200
1305.715898,-254.804837,1492.866136
1167.880526,-113.778904,651.872488
1309.718102,-256.997625,1490.436260
1166.634210,-109.721054,654.203604
1313.658238,-259.079868,1488.058914
1165.467088,-105.732357,656.481141
1317.534880,-261.055291,1485.733556
1164.375356,-101.814314,658.705675
1321.346696,-262.927556,1483.459682
1163.355379,-97.968378,660.877706
1325.092503,-264.700296,1481.236780
1162.403567,-94.195538,662.997902
1328.771214,-266.377088,1479.064365
1161.516564,-90.497050,665.066690
1332.381909,-267.961484,1476.941923
1160.691045,-86.873656,667.084707
1335.923712,-269.456957,1474.868989
1159.923843,-83.326134,669.052486
1339.395969,-270.866974,1472.845033
1159.211918,-79.855168,670.970545
1342.798083,-272.194928,1470.869555
1158.552323,-76.461262,672.839431
1346.129472,-273.444122,1468.942103
1157.942227,-73.144813,674.659684
1349.389670,-274.617809,1467.062216
1157.378922,-69.906214,676.431793
1352.578380,-275.719212,1465.229384
1156.859775,-66.745602,678.156326
1355.695340,-276.751470,1463.443129
1156.382308,-63.663350,679.833673
1358.740243,-277.717618,1461.703041
1155.944073,-60.659322,681.464454
1361.712967,-278.620660,1460.008650
1155.542776,-57.733704,683.049068
1364.613376,-279.463510,1458.359531
1155.176193,-54.886434,684.588006
1367.441521,-280.249046,1456.755192
1154.842187,-52.117406,686.081746
1370.197298,-280.980016,1455.195263
1154.538711,-49.426446,687.530765
1372.880792,-281.659136,1453.679301
1154.263818,-46.813455,688.935467
1375.492089,-282.289036,1452.206893
1154.015631,-44.278203,690.296296
1378.031276,-282.872264,1450.777652
1153.792350,-41.820390,691.613703
1380.498479,-283.411295,1449.391197
1153.592275,-39.439904,692.888012
1382.893914,-283.908544,1448.047121
1153.413747,-37.136230,694.119741
1385.217734,-284.366334,1446.745077
1153.255209,-34.909161,695.309217
1387.470176,-284.786922,1445.484691
1153.115163,-32.758330,696.456833
1389.651487,-285.172493,1444.265604
1152.992181,-30.683361,697.562967
1391.761880,-285.525149,1443.087493
1152.884908,-28.683942,698.627947
1393.801650,-285.846927,1441.950009
1152.792046,-26.759699,699.652114
1395.771016,-286.139781,1440.852861
1152.712361,-24.910187,700.635835
1397.670299,-286.405606,1439.795715
1152.644682,-23.135033,701.579425
1399.499752,-286.646213,1438.778289
1152.587898,-21.433881,702.483174
1401.259688,-286.863350,1437.800281
1152.540953,-19.806300,703.347403
1402.950379,-287.058691,1436.861423
1152.502849,-18.251887,704.172409
1404.572158,-287.233843,1435.961424
1152.472642,-16.770390,704.958397
1406.125240,-287.390333,1435.100069
1152.449438,-15.361281,705.705710
1407.609933,-287.529631,1434.277100
1152.432397,-14.024191,706.414600
1409.026533,-287.653135,1433.492276
1152.420729,-12.758855,707.085256
1410.375316,-287.762176,1432.745371
1152.413692,-11.564876,707.717930
1411.656544,-287.858017,1432.036179
1152.410590,-10.441950,708.312822
1412.870463,-287.941856,1431.364505
1152.410776,-9.389649,708.870189
1414.017332,-288.014825,1430.730156
1152.413646,-8.407792,709.390155
1415.097389,-288.077991,1430.132953
1152.418642,-7.495926,709.872983
1416.110854,-288.132358,1429.572735
1152.425248,-6.653847,710.318801
1417.057958,-288.178866,1429.049338
1152.432991,-5.881303,710.727759
1417.938912,-288.218391,1428.562612
1152.441438,-5.178069,711.099991
1418.753865,-288.251746,1428.112449
1152.450199,-4.543874,711.435652
1419.503050,-288.279685,1427.698693
1152.458925,-3.978402,711.734919
1420.186568,-288.302895,1427.321267
1152.467303,-3.481585,711.997836
1420.804637,-288.322008,1426.980032
1152.475060,-3.053242,712.224505
1421.357307,-288.337590,1426.674944
1152.481964,-2.693144,712.415054
1421.844744,-288.350148,1426.405897
1152.487818,-2.401166,712.569551
1422.267016,-288.360130,1426.172841
1152.492463,-2.177214,712.688050
1422.624234,-288.367923,1425.975705
1152.495781,-2.021152,712.770625
1422.916449,-288.373854,1425.814453
1152.497685,-1.932911,712.817315
1423.143717,-288.378190,1425.689048
1152.498130,-1.912451,712.828140
1423.970469,-277.851958,1425.599487
1152.497104,-1.959728,712.803125
1425.369212,-224.617548,1425.545746
1152.494636,-2.074655,712.742316
1154.464814,50.950485,712.645643
1153.132119,103.903392,712.513178
1148.740232,156.680854,712.344837
1141.534870,209.191239,712.140598
1131.762642,261.343257,711.900423
1119.670641,313.046247,711.624256
1105.506099,364.210123,711.312025
1089.515967,414.745684,710.963639
1071.939194,464.564670,710.579033
1052.881873,513.579895,710.158122
1032.336628,561.705134,709.700728
1010.293477,608.855852,709.206771
986.743749,654.948704,708.676118
961.680017,699.906546,708.108577
935.096092,743.675991,707.504022
906.987279,786.211166,706.862306
877.350042,827.467791,706.183230
846.184389,867.402987,705.466613
813.533946,905.975053,704.712221
779.480922,943.144357,703.919884
744.108994,978.872332,703.089330
707.501169,1013.122522,702.220355
669.740320,1045.859763,701.312704
630.908244,1077.051152,700.366130
591.086788,1106.664914,699.380344
550.356366,1134.671816,698.355113
508.796886,1161.044035,697.290074
466.487349,1185.755871,696.184960
423.505446,1208.783793,695.039494
379.928146,1230.105889,693.853300
335.831051,1249.702565,692.626068
291.288428,1267.556406,691.357517
246.373529,1283.651646,690.047176
201.158000,1297.977149,688.694730
155.712074,1310.543760,687.299850
110.104410,1321.374611,685.862111
64.402250,1330.493994,684.381147
18.671027,1337.927055,682.856493
-27.025235,1343.700055,681.287816
-72.624477,1347.840043,679.674660
-118.065286,1350.375061,678.016614
-163.286199,1351.333898,676.313237
-208.228768,1350.746284,674.564049
-252.835989,1348.642877,672.768642
-297.052560,1345.055129,670.926575
-340.826163,1340.015077,669.037272
-384.105546,1333.556013,667.100397
-426.842193,1325.711588,665.115386
-468.989667,1316.516364,663.081765
-510.503082,1306.005715,660.999048
-551.340415,1294.215734,658.866791
-591.461167,1281.187271,656.684459
-630.827666,1266.971954,654.451494
-669.403640,1251.623352,652.167506
-707.155521,1235.194143,649.831878
-744.051659,1217.737103,647.444198
-780.062127,1199.304535,645.003914
-815.159797,1179.948238,642.510538
-849.319259,1159.719629,639.963519
-882.516924,1138.670065,637.362422
-914.731833,1116.850097,634.706752
-945.944243,1094.310221,631.995999
-976.137467,1071.099976,629.229686
-1005.295092,1047.269402,626.407323
-1033.404320,1022.867112,623.528434
-1060.453316,997.942004,620.592633
-1086.433349,972.542449,617.599406
-1111.341627,946.720659,614.548383
-1135.177016,920.531873,611.439057
-1157.940087,894.030431,608.271168
-1179.631869,867.269640,605.044261
-1200.255446,840.301042,601.757994
-1219.813525,813.176396,598.412038
-1238.311057,785.945242,595.006085
-1255.753562,758.656612,591.539923
-1272.146831,731.358758,588.013173
-1287.498528,704.098348,584.425673
-1301.816399,676.921997,580.777313
-1315.109102,649.874975,577.067896
-1327.386482,623.001228,573.297315
-1338.657987,596.345124,569.465427
-1348.936100,569.949324,565.572339
-1358.234758,543.855805,561.618002
-1366.568098,518.106230,557.602504
-1373.950614,492.741218,553.525964
-1380.396663,467.801313,549.388598
-1385.921051,443.325112,545.190592
-1390.538183,419.347721,540.932256
-1394.263051,395.900251,536.613930
-1397.110154,373.013726,532.236033
-1399.094592,350.717327,527.799143
-1400.230641,329.039806,523.303661
-1400.533394,308.007913,518.750258
-1400.017300,287.648870,514.139726
-1398.696909,267.987429,509.472694
-1396.586758,249.048222,504.750090
-1393.701426,230.853939,499.972808
-1390.054901,213.427629,495.141833
-1385.661727,196.790292,490.258301
-1380.535618,180.962964,485.323283
-1374.690842,165.964964,480.338142
-1368.140942,151.814827,475.304107
-1360.899662,138.529862,470.222623
-1352.980505,126.125897,465.095126
-1344.396934,114.618505,459.923292
-1335.161814,104.021832,454.708639
-1325.293534,94.348528,449.452954
-1314.895392,85.610775,444.158085
-1304.144454,77.819348,438.825833
-1293.226377,70.984530,433.458206
-1282.332746,65.114684,428.057208
-1271.660209,60.217444,422.624993
-1261.351798,56.300397,417.163572
-1251.431752,53.368279,411.675288
-1241.906436,51.426709,406.162463
-1232.779978,50.478587,400.627208
-1224.054821,50.527085,395.072125
-1215.730969,51.573650,389.499617
-1207.806061,53.619210,383.912025
-1200.275883,56.663463,378.311849
-1193.134208,60.705168,372.701686
-1186.372701,65.742048,367.084089
-1179.981011,71.771002,361.461621
-1173.946720,78.788466,355.836779
-1168.255872,86.788918,350.212181
-1162.892575,95.766748,344.590484
-1157.839190,105.713872,338.974148
-1153.076414,116.611067,333.365764
-1148.583519,128.431912,327.767888
-1144.338374,141.149185,322.183071
-1140.317340,154.735852,316.613806
-1136.495624,169.163992,311.062470
-1132.847134,184.406126,305.531485
-1129.345041,200.433095,300.023264
-1125.961120,217.217490,294.540172
-1122.666669,234.730209,289.084367
-1119.431832,252.943771,283.658105
-1116.226519,271.828912,278.263548
-1113.019595,291.358420,272.902769
-1109.779714,311.504171,267.577739
-1106.475185,332.237935,262.290452
-1103.073757,353.532672,257.042785
-1099.543116,375.361070,251.836482
-1095.850691,397.696344,246.673269
-1091.966979,420.511958,241.554741
-1087.875698,443.781433,236.482494
-1083.563082,467.482369,231.457985
-1079.014617,491.595565,226.482653
-1074.214610,516.102699,221.557753
-1069.146368,540.985238,216.684493
-1063.792416,566.223888,211.864046
-1058.134282,591.799549,207.097509
-1052.152935,617.692653,202.385829
-1045.828136,643.884325,197.729930
-1039.139307,670.354643,193.130568
-1032.065132,697.083108,188.588585
-1024.583456,724.049538,184.104646
-1016.671756,751.232933,179.679313
-1008.307040,778.611395,175.313211
-999.465935,806.162892,171.006689
-990.124663,833.864177,166.760292
-980.258696,861.692730,162.574249
-969.844038,889.623577,158.448861
-958.855805,917.632161,154.384374
-947.269603,945.692045,150.380989
-935.060473,973.777095,146.438706
-922.203481,1001.859457,142.557745
-908.674431,1029.910328,138.738030
-894.450906,1057.900236,134.979526
-879.512181,1085.798288,131.282156
-863.837610,1113.573114,127.645822
-847.408339,1141.190819,124.070413
-830.205391,1168.617780,120.555629
-812.210833,1195.818253,117.101393
-793.407707,1222.755865,113.707300
-773.780229,1249.392063,110.373200
-753.313700,1275.687536,107.098668
-731.993838,1301.601741,103.883464
-709.808178,1327.092425,100.727191
-686.745436,1352.115988,97.629424
-662.795177,1376.627459,94.589843
-637.948952,1400.580549,91.608022
-612.200572,1423.933295,88.683506
-585.550038,1446.645811,85.815844
-557.999941,1468.677554,83.004601
-529.555165,1489.987225,80.249273
-500.222489,1510.532770,77.549446
-470.010707,1530.271697,74.904582
-438.931254,1549.160403,72.314243
-406.996968,1567.155195,69.777863
-374.223740,1584.211034,67.295062
-340.629351,1600.282790,64.865207
-306.234014,1615.324383,62.487838
-271.060264,1629.289196,60.162447
-235.132805,1642.130009,57.888579
-198.478252,1653.799236,55.665693
-161.126711,1664.248417,53.493283
-123.109810,1673.432084,51.370846
-84.461402,1681.315908,49.297912
-45.218758,1687.868332,47.273956
-5.419549,1693.058533,45.298494
34.894177,1696.856032,43.371020
75.679046,1699.231008,41.491108
116.889611,1700.154279,39.658281
158.478058,1699.597269,37.872049
200.393836,1697.532057,36.131976
242.584563,1693.931419,34.437591
284.995479,1688.768856,32.788427
327.570311,1682.018522,31.184112
370.251968,1673.655333,29.624177
412.981785,1663.655094,28.108236
455.699702,1651.994317,26.635810
498.344186,1638.650236,25.206569
540.851067,1623.601167,23.820116
583.155125,1606.826709,22.476060
625.189334,1588.323277,21.173992
666.885115,1568.105779,19.913608
708.172202,1546.191972,18.694520
748.979062,1522.601591,17.516409
789.232627,1497.356414,16.378924
828.858823,1470.480079,15.281779
867.782185,1441.998139,14.224610
905.926084,1411.938288,13.207205
943.213210,1380.329549,12.229197
979.564630,1347.203433,11.290319
1014.901320,1312.592719,10.390360
1049.143021,1276.532069,9.529004
1082.208968,1239.057891,8.706036
1114.017752,1200.208119,7.921171
1144.487636,1160.022487,7.174267
1173.540708,1118.542004,6.465115
1201.147463,1075.809286,5.793440
1227.311325,1031.868289,5.159071
1252.037571,986.764413,4.561889
1275.332347,940.544440,4.001631
1297.203608,893.266884,3.478253
1317.659956,845.012116,2.991528
1336.711513,795.864286,2.541364
1354.369428,745.908779,2.127608
1370.634655,695.232426,1.750163
1385.364040,643.922988,1.408948
1398.313744,592.069431,1.103860
1409.237377,539.761429,0.834812
1417.888282,487.089470,0.601737
1424.020044,434.144662,0.404621
1427.386453,381.018563,0.243349
1427.742507,327.803105,0.117943
1425.647661,285.116286,0.028402
1425.410587,285.109140,2851.116808
1425.375167,285.104379,2851.098882
1425.410570,285.109137,2851.116799
1425.647714,285.116286,0.028422
1425.889351,285.117671,0.118066
1426.227727,285.119419,0.243687
1426.662711,285.121334,0.405324
1427.194044,285.123167,0.602992
1427.821764,285.124614,0.836845
1428.545566,285.125312,1.106931
1429.365229,285.124841,1.413361
1430.280507,285.122726,1.756256
1431.291131,285.118430,2.135760
1432.396697,285.111362,2.551991
1433.596781,285.100869,3.005087
1434.891029,285.086239,3.495239
1436.278857,285.066698,4.022581
1437.759961,285.041411,4.587378
1439.333484,285.009485,5.189718
1440.999059,284.969957,5.829902
1442.755874,284.921807,6.508091
1444.603181,284.863948,7.224502
1446.540408,284.795222,7.979449
1448.566735,284.714407,8.773185
1450.681098,284.620223,9.605897
1452.882712,284.511309,10.477915
1455.170527,284.386241,11.389498
1457.543658,284.243515,12.341007
1460.000887,284.081568,13.332702
1462.541032,283.898761,14.364897
1465.163061,283.693363,15.438001
1467.865512,283.463597,16.552288
1470.647142,283.207586,17.708159
1473.506470,282.923390,18.905956
1476.442055,282.608980,20.146079
1479.452293,282.262259,21.428900
1482.535621,281.881032,22.754854
1485.690216,281.463051,24.124305
1488.914398,281.005952,25.537724
1492.206283,280.507305,26.995542
1495.563948,279.964590,28.498215
1498.985214,279.375231,30.046136
1502.468094,278.736520,31.639833
1506.010329,278.045695,33.279759
1509.609694,277.299882,34.966435
1513.263680,276.496162,36.700303
1516.969828,275.631500,38.481879
1520.725609,274.702767,40.311702
1524.528291,273.706776,42.190267
1528.375111,272.640234,44.118111
1532.263265,271.499750,46.095808
1536.189624,270.281910,48.123826
1540.151134,268.983175,50.202728
1544.144637,267.599919,52.333081
1548.166887,266.128432,54.515470
1552.214421,264.564969,56.750422
1556.283724,262.905696,59.038494
1560.371263,261.146672,61.380297
1564.473291,259.283937,63.776379
1568.585992,257.313453,66.227309
1572.705419,255.231143,68.733639
1576.827535,253.032876,71.295921
1580.948333,250.714405,73.914790
1585.063458,248.271585,76.590712
1589.168773,245.700058,79.324351
1593.259741,242.995634,82.116160
1597.332001,240.153940,84.966755
1601.380915,237.170734,87.876609
1605.401915,234.041673,90.846285
1609.390266,230.762509,93.876258
1613.341179,227.329022,96.966991
1617.249990,223.736877,100.119068
1621.111769,219.981982,103.332884
1624.921597,216.060288,106.608839
1628.674640,211.967719,109.947405
1632.365981,207.700368,113.348968
1635.990610,203.254566,116.813795
1639.543764,198.626498,120.342342
1643.020515,193.812741,123.934851
1646.416100,188.809883,127.591648
1649.725647,183.614961,131.312840
1652.944579,178.224898,135.098732
1656.068252,172.637114,138.949401
1659.092209,166.849177,142.864964
1662.012121,160.858949,146.845479
1664.823793,154.664650,150.890925
1667.523263,148.264704,155.001308
1670.106657,141.658165,159.176407
1672.570450,134.844162,163.416139
1674.911275,127.822460,167.720215
1677.126066,120.593178,172.088333
1679.212059,113.156864,176.520143
1681.166814,105.514503,181.015247
1682.988152,97.667919,185.572982
1684.674387,89.618931,190.192924
1686.224109,81.370380,194.874296
1687.636364,72.925501,199.616343
1688.910636,64.288050,204.418269
1690.046825,55.462635,209.279057
1691.045352,46.454140,214.197796
1691.907082,37.268428,219.173296
1692.633412,27.911741,224.204426
1693.226244,18.391149,229.289868
1693.688010,8.714370,234.428219
1694.021688,-1.110286,239.618027
1694.230800,-11.071289,244.857760
1694.318219,-21.150804,250.145738
1694.274030,-31.329165,255.480147
1694.079808,-41.585837,260.859187
1693.716430,-51.899264,266.280976
1693.164260,-62.246690,271.743427
1692.403198,-72.604666,277.244487
1691.412760,-82.948782,282.781964
1690.172148,-93.253889,288.353609
1688.660355,-103.493969,293.957002
1686.856179,-113.642747,299.589840
1684.738399,-123.673154,305.249603
1682.285836,-133.557721,310.933706
1679.477386,-143.268894,316.639634
1676.292184,-152.778837,322.364770
1672.709776,-162.059410,328.106308
1668.710058,-171.082767,333.861551
1664.273438,-179.821242,339.627778
1659.380976,-188.247591,345.402198
1654.014414,-196.343203,351.182041
1648.156473,-204.100490,356.964363
1641.790594,-211.513519,362.746417
1634.901240,-218.576963,368.525413
1627.474100,-225.286041,374.298451
1619.495936,-231.636785,380.062728
1610.954686,-237.625977,385.815494
1601.839629,-243.251077,391.553993
1592.141265,-248.510334,397.275575
1581.851892,-253.402516,402.977400
1570.964936,-257.927294,408.656869
1559.475191,-262.085077,414.311476
1547.378960,-265.876941,419.938753
1534.675576,-269.304498,425.536055
1521.438000,-272.370214,431.101070
1507.858207,-275.077186,436.631560
1494.133883,-277.429036,442.125150
1480.455056,-279.430081,447.579726
1467.003999,-281.085193,452.993224
1453.917819,-282.399777,458.363615
1441.215906,-283.379773,463.689018
1428.895671,-284.031588,468.967548
1416.953772,-284.362102,474.197512
1405.386518,-284.378607,479.377250
1394.189548,-284.088776,484.505292
1383.358408,-283.500634,489.580111
1372.888089,-282.622527,494.600342
1362.773317,-281.463095,499.564665
1353.008019,-280.031161,504.472082
1343.586540,-278.335859,509.321327
1334.502527,-276.386450,514.111432
1325.749305,-274.192315,518.841564
1317.320214,-271.763002,523.510853
1309.208373,-269.108150,528.118528
1301.406690,-266.237442,532.663924
1293.907794,-263.160536,537.146546
1286.704459,-259.887189,541.565823
1279.789277,-256.427112,545.921314
1273.154696,-252.790015,550.212700
1266.793207,-248.988336,554.439679
1260.697273,-245.037435,558.602014
1254.859342,-240.952208,562.699542
1249.271911,-236.746917,566.732131
1243.927358,-232.435052,570.699816
1238.818294,-228.029597,574.602553
1233.937325,-223.542851,578.440390
1229.277087,-218.986451,582.213458
1224.830276,-214.371388,585.921958
1220.589843,-209.708223,589.565998
1216.548727,-205.006824,593.145820
1212.699949,-200.276456,596.661729
1209.036656,-195.525833,600.114066
1205.552156,-190.763183,603.503173
1202.240007,-185.996396,606.829300
1199.093673,-181.232554,610.092952
1196.106944,-176.478532,613.294473
1193.273616,-171.740544,616.434372
1190.587712,-167.024494,619.513098
1188.043377,-162.335829,622.531143
1185.634981,-157.679746,625.488928
1183.356918,-153.060830,628.387040
1181.203842,-148.483516,631.225944
1179.170472,-143.951729,634.006229
1177.251746,-139.469214,636.728401
1175.442719,-135.039345,639.393018
1173.738610,-130.665241,642.000626
1172.134750,-126.349664,644.551827
1170.626658,-122.095223,647.047162
1169.209983,-117.904256,649.487200
1167.880526,-113.778904,651.872488
1166.634210,-109.721054,654.203604
1165.467088,-105.732357,656.481141
1164.375356,-101.814314,658.705675
1163.355379,-97.968378,660.877706
1162.403567,-94.195538,662.997902
1161.516564,-90.497050,665.066690
1160.691045,-86.873656,667.084707
1159.923843,-83.326134,669.052486
1159.211918,-79.855168,670.970545
1158.552323,-76.461262,672.839431
1157.942227,-73.144813,674.659684
1157.378922,-69.906214,676.431793
1156.859775,-66.745602,678.156326
1156.382308,-63.663350,679.833673
1155.944073,-60.659322,681.464454
1155.542776,-57.733704,683.049068
1155.176193,-54.886434,684.588006
1154.842187,-52.117406,686.081746
1154.538711,-49.426446,687.530765
1154.263818,-46.813455,688.935467
1154.015631,-44.278203,690.296296
1153.792350,-41.820390,691.613703
1153.592275,-39.439904,692.888012
1153.413747,-37.136230,694.119741
1153.255209,-34.909161,695.309217
1153.115163,-32.758330,696.456833
1152.992181,-30.683361,697.562967
1152.884908,-28.683942,698.627947
1152.792046,-26.759699,699.652114
1152.712361,-24.910187,700.635835
1152.644682,-23.135033,701.579425
1152.587898,-21.433881,702.483174
1152.540953,-19.806300,703.347403
1152.502849,-18.251887,704.172409
1152.472642,-16.770390,704.958397
1152.449438,-15.361281,705.705710
1152.432397,-14.024191,706.414600
1152.420729,-12.758855,707.085256
1152.413692,-11.564876,707.717930
1152.410590,-10.441950,708.312822
1152.410776,-9.389649,708.870189
1152.413646,-8.407792,709.390155
1152.418642,-7.495926,709.872983
1152.425248,-6.653847,710.318801
1152.432991,-5.881303,710.727759
1152.441438,-5.178069,711.099991
1152.450199,-4.543874,711.435652
1152.458925,-3.978402,711.734919
1152.467303,-3.481585,711.997836
1152.475060,-3.053242,712.224505
1152.481964,-2.693144,712.415054
1152.487818,-2.401166,712.569551
1152.492463,-2.177214,712.688050
1152.495781,-2.021152,712.770625
1152.497685,-1.932911,712.817315
1152.498130,-1.912451,712.828140
1152.497104,-1.959728,712.803125
1425.369212,-224.617548,1425.545746
1423.970469,-277.851958,1425.599487
1423.143717,-288.378190,1425.689048
1422.916449,-288.373854,1425.814453
1422.624234,-288.367923,1425.975705
1422.267016,-288.360130,1426.172841
1421.844744,-288.350148,1426.405897
1421.357307,-288.337590,1426.674944
1420.804637,-288.322008,1426.980032
1420.186568,-288.302895,1427.321267
1419.503050,-288.279685,1427.698693
1418.753865,-288.251746,1428.112449
1417.938912,-288.218391,1428.562612
1417.057958,-288.178866,1429.049338
1416.110854,-288.132358,1429.572735
1415.097389,-288.077991,1430.132953
1414.017332,-288.014825,1430.730156
1412.870463,-287.941856,1431.364505
1411.656544,-287.858017,1432.036179
1410.375316,-287.762176,1432.745371
1409.026533,-287.653135,1433.492276
1407.609933,-287.529631,1434.277100
1406.125240,-287.390333,1435.100069
1404.572158,-287.233843,1435.961424
1402.950379,-287.058691,1436.861423
1401.259688,-286.863350,1437.800281
1399.499752,-286.646213,1438.778289
1397.670299,-286.405606,1439.795715
1395.771016,-286.139781,1440.852861
1393.801650,-285.846927,1441.950009
1391.761880,-285.525149,1443.087493
1389.651487,-285.172493,1444.265604
1387.470176,-284.786922,1445.484691
1385.217734,-284.366334,1446.745077
1382.893914,-283.908544,1448.047121
1380.498479,-283.411295,1449.391197
1378.031276,-282.872264,1450.777652
1375.492089,-282.289036,1452.206893
1372.880792,-281.659136,1453.679301
1370.197298,-280.980016,1455.195263
1367.441521,-280.249046,1456.755192
1364.613376,-279.463510,1458.359531
1361.712967,-278.620660,1460.008650
1358.740243,-277.717618,1461.703041
1355.695340,-276.751470,1463.443129
1352.578380,-275.719212,1465.229384
1349.389670,-274.617809,1467.062216
1346.129472,-273.444122,1468.942103
1342.798083,-272.194928,1470.869555
1339.395969,-270.866974,1472.845033
1335.923712,-269.456957,1474.868989
1332.381909,-267.961484,1476.941923
1328.771214,-266.377088,1479.064365
1325.092503,-264.700296,1481.236780
1321.346696,-262.927556,1483.459682
1317.534880,-261.055291,1485.733556
1313.658238,-259.079868,1488.058914
1309.718102,-256.997625,1490.436260
1305.715898,-254.804837,1492.866136
1301.653389,-252.497855,1495.348972
1297.532299,-250.072902,1497.885324
1293.354640,-247.526250,1500.475677
1289.122597,-244.854162,1503.120527
1284.838567,-242.052918,1505.820354
1280.505097,-239.118772,1508.575673
1276.125080,-236.048091,1511.386916
1271.701502,-232.837180,1514.254594
1267.237754,-229.482507,1517.179111
1262.737350,-225.980506,1520.160945
1258.204157,-222.327739,1523.200513
1253.642263,-218.520813,1526.298260
1249.056163,-214.556521,1529.454543
1244.450594,-210.431725,1532.669747
1239.830566,-206.143367,1535.944279
1235.201613,-201.688721,1539.278390
1230.569412,-197.065030,1542.672460
1225.940143,-192.269863,1546.126742
1221.320329,-187.300964,1549.641491
1216.716891,-182.156318,1553.216923
1212.137141,-176.834146,1556.853234
1207.588781,-171.332912,1560.550603
1203.080024,-165.651481,1564.309107
1198.619448,-159.788952,1568.128837
1194.216107,-153.744798,1572.009822
1189.879480,-147.518825,1575.952066
1185.619576,-141.111325,1579.955467
1181.446781,-134.522871,1584.019955
1177.372037,-127.754606,1588.145325
1173.406722,-120.808082,1592.331350
1169.562653,-113.685270,1596.577783
1165.852154,-106.388699,1600.884287
1162.288052,-98.921509,1605.250412
1158.883567,-91.287239,1609.675731
1155.652441,-83.490150,1614.159660
1152.608781,-75.534904,1618.701653
1149.767201,-67.426958,1623.300981
1147.142683,-59.172278,1627.956903
1144.750607,-50.777477,1632.668594
1142.606730,-42.249840,1637.435132
1140.727129,-33.597210,1642.255567
1139.128213,-24.828160,1647.128826
1137.826678,-15.951994,1652.053713
1136.839427,-6.978473,1657.029058
1136.183585,2.081920,1662.053566
1135.876438,11.217933,1667.125791
1135.935370,20.417877,1672.244305
1136.377826,29.669299,1677.407517
1137.221266,38.959317,1682.613842
1138.483089,48.274358,1687.861546
1140.178918,57.600320,1693.148818
1142.311868,66.922693,1698.473825
1144.878723,76.226413,1703.834612
1147.875204,85.496036,1709.229175
1151.295962,94.715663,1714.655400
1155.134667,103.869236,1720.111204
1159.383886,112.940225,1725.594334
1164.035226,121.912006,1731.102555
1169.079237,130.767669,1736.633501
1174.505591,139.490347,1742.184854
1180.302939,148.062989,1747.754158
1186.459099,156.468658,1753.338978
1192.961033,164.690492,1758.936835
1199.794872,172.711741,1764.545196
1206.946031,180.515923,1770.161534
1214.399198,188.086796,1775.783269
1222.138448,195.408497,1781.407828
1230.147349,202.465631,1787.032670
1238.408833,209.243163,1792.655157
1246.905570,215.726745,1798.272772
1255.619734,221.903766,1803.882914
1264.533293,227.768515,1809.483053
1273.627945,233.317770,1815.070645
1282.885313,238.548946,1820.643213
1292.286922,243.460039,1826.198292
1301.814358,248.049678,1831.733491
1311.449134,252.317023,1837.246376
1321.173044,256.261899,1842.734638
1330.968084,259.884714,1848.196021
1340.816439,263.186428,1853.628273
1350.700727,266.168605,1859.029265
1360.603886,268.833339,1864.396892
1370.509317,271.183275,1869.729128
1380.400921,273.221574,1875.024027
1390.263085,274.951895,1880.279689
1400.080819,276.378379,1885.494320
1409.839723,277.505622,1890.666190
1419.526072,278.338651,1895.793674
1429.126681,278.882889,1900.875158
1438.629230,279.144147,1905.909206
1448.021899,279.128582,1910.894359
1457.293795,278.842674,1915.829353
1466.434545,278.293202,1920.712896
1475.434666,277.487207,1925.543871
1484.285226,276.431984,1930.321142
1492.978201,275.135022,1935.043757
1501.506169,273.604011,1939.710778
1509.862410,271.846801,1944.321344
1518.041017,269.871353,1948.874734
1526.036590,267.685774,1953.370205
1533.844466,265.298243,1957.807129
1541.460723,262.716969,1962.185002
1548.881906,259.950248,1966.503300
1556.105284,257.006353,1970.761637
1563.128662,253.893565,1974.959666
1569.950306,250.620188,1979.097049
1576.569111,247.194447,1983.173566
1582.984490,243.624493,1987.189064
1589.196233,239.918467,1991.143385
1595.204708,236.084344,1995.036504
1601.010539,232.130106,1998.868338
1606.614871,228.063548,2002.638934
1612.019207,223.892797,2006.348374
1617.225319,219.629113,2009.996734
1622.235448,215.284546,2013.584234
1627.051902,210.870715,2017.110972
1631.677356,206.398543,2020.577146
1636.114889,201.878195,2023.983110
1640.367562,197.319484,2027.329066
1644.438743,192.731567,2030.615322
1648.332008,188.123014,2033.842239
1652.051021,183.501959,2037.010141
1655.599642,178.875967,2040.119421
1658.981813,174.252169,2043.170457
1662.201644,169.637146,2046.163703
1665.263196,165.037232,2049.099503
1668.170777,160.458087,2051.978375
1670.928638,155.905132,2054.800746
1673.541087,151.383398,2057.567059
1676.012523,146.897439,2060.277834
1678.347279,142.451617,2062.933504
1680.549780,138.049816,2065.534601
1682.624384,133.695725,2068.081591
1684.575466,129.392690,2070.574974
1686.407385,125.143769,2073.015258
1688.124466,120.951773,2075.402943
1689.731002,116.819249,2077.738544
1691.231250,112.748501,2080.022575
1692.629384,108.741708,2082.255502
1693.929834,104.800722,2084.437856
1695.137639,100.927268,2086.570129
1696.257772,97.122872,2088.652820
1697.295009,93.388856,2090.686446
1698.253886,89.726535,2092.671435
1699.138807,86.136854,2094.608335
1699.953951,82.620764,2096.497609
1700.703320,79.179085,2098.339719
1701.390752,75.812494,2100.135133
1702.019909,72.521590,2101.884296
1702.594311,69.306787,2103.587694
1703.117302,66.168521,2105.245743
1703.592087,63.107095,2106.858875
1704.021743,60.122625,2108.427576
1704.409172,57.215418,2109.952182
1704.757181,54.385442,2111.433168
1705.068428,51.632775,2112.870909
1705.345454,48.957411,2114.265789
1705.590686,46.359238,2115.618212
1705.806434,43.838141,2116.928554
1705.994895,41.394025,2118.197149
1706.158168,39.026689,2119.424360
1706.298250,36.735881,2120.610553
1706.417037,34.521406,2121.756039
1706.516334,32.383021,2122.861133
1706.597858,30.320402,2123.926173
1706.663236,28.333335,2124.951422
1706.714015,26.421448,2125.937209
1706.751659,24.584491,2126.883781
1706.777556,22.822141,2127.791415
1706.793020,21.134003,2128.660408
1706.799292,19.519885,2129.490942
1706.797544,17.979378,2130.283299
1706.788881,16.512238,2131.037671
1706.774342,15.118082,2131.754308
1706.754905,13.796665,2132.433385
1706.731487,12.547678,2133.075100
1706.704944,11.370836,2133.679636
1706.676077,10.265876,2134.247156
1706.645632,9.232558,2134.777810
1706.614296,8.270551,2135.271786
1706.582711,7.379741,2135.729161
1706.551460,6.559811,2136.150111
1706.521084,5.810663,2136.534698
1706.492063,5.131999,2136.883083
1706.464844,4.523777,2137.195295
1706.439811,3.985719,2137.471482
1706.417315,3.517845,2137.711637
1706.397650,3.119899,2137.915895
1706.381076,2.791924,2138.084236
1706.367800,2.533842,2138.216702
1706.358761,2.356680,2138.313355
1708.326450,55.466459,2138.374164
1706.993204,108.648600,2138.399199
1702.600488,161.811241,2138.388354
1695.391433,214.862302,2138.341683
1685.610489,267.710220,2138.259108
1673.503024,320.263744,2138.140590
1659.314942,372.432116,2137.986112
1643.292302,424.125493,2137.795544
1625.672985,475.254451,2137.568875
1606.559117,525.730920,2137.305958
1585.940501,575.467518,2137.006730
1563.804496,624.378420,2136.671030
1540.139660,672.378704,2136.298798
1514.935622,719.390511,2135.889840
1488.183247,765.359482,2135.444041
1459.874616,810.238643,2134.961233
1430.002980,853.982395,2134.441248
1398.565804,896.546491,2133.883881
1365.607454,937.887996,2133.288969
1331.208799,977.965607,2132.656314
1295.451570,1016.739586,2131.985638
1258.416882,1054.171839,2131.276769
1220.185778,1090.225675,2130.529455
1180.838486,1124.866349,2129.743448
1140.454688,1158.060825,2128.918461
1099.113126,1189.777946,2128.054233
1056.891917,1219.988248,2127.150483
1013.868150,1248.664279,2126.206894
970.117794,1275.780503,2125.223173
925.715593,1301.313442,2124.198986
880.735449,1325.241400,2123.134007
835.249532,1347.544941,2122.027891
789.329014,1368.206530,2120.880274
743.043159,1387.215488,2119.690800
696.460088,1404.585870,2118.459071
649.646236,1420.339933,2117.184739
602.666006,1434.501142,2115.867353
555.582478,1447.093614,2114.506529
508.456822,1458.142527,2113.101804
461.348401,1467.673773,2111.652808
414.316159,1475.714260,2110.159065
367.418317,1482.291613,2108.620106
320.710109,1487.434248,2107.035495
274.244999,1491.171368,2105.404750
228.074126,1493.532947,2103.727361
182.246411,1494.549569,2102.002856
136.808500,1494.252515,2100.230744
91.804204,1492.673723,2098.410490
47.275535,1489.845683,2096.541601
3.261870,1485.801490,2094.623546
-40.199813,1480.575759,2092.655770
-83.075179,1474.213708,2090.637754
-125.332320,1466.766704,2088.568961
-166.941799,1458.285770,2086.448787
-207.876811,1448.821039,2084.276740
-248.112328,1438.422455,2082.052223
-287.627013,1427.138662,2079.774686
-326.399625,1415.018211,2077.443542
-364.412371,1402.108196,2075.058260
-401.648801,1388.455482,2072.618222
-438.095330,1374.105637,2070.122887
-473.739871,1359.103736,2067.571709
-508.573887,1343.493290,2064.964078
-542.589126,1327.317833,2062.299453
-575.781399,1310.618719,2059.577274
-608.148981,1293.437256,2056.797013
-639.696856,1275.818770,2053.958069
-670.432348,1257.810769,2051.059989
-700.364237,1239.459245,2048.102180
-729.502820,1220.807739,2045.084190
-757.859145,1201.898582,2042.005456
-785.445838,1182.771436,2038.865567
-812.276734,1163.464197,2035.664002
-838.366049,1144.013220,2032.400361
-863.730067,1124.451809,2029.074222
-888.385292,1104.812101,2025.685150
-912.349299,1085.123747,2022.232813
-935.640429,1065.414442,2018.716881
-958.277883,1045.709698,2015.137036
-980.282564,1026.033223,2011.493006
-1001.678119,1006.406544,2007.784533
-1022.488392,986.849152,2004.011436
-1042.737114,967.379095,2000.173614
-1062.448614,948.015638,1996.270878
-1081.646313,928.778915,1992.303193
-1100.353364,909.687753,1988.270587
-1118.593323,890.758651,1984.173059
-1136.388626,872.007962,1980.010723
-1153.761668,853.449929,1975.783771
-1170.734284,835.097952,1971.492385
-1187.327661,816.964056,1967.136885
-1203.562256,799.059512,1962.717618
-1219.458039,781.393891,1958.235011
-1235.033819,763.976624,1953.689580
-1250.307795,746.816098,1949.081916
-1265.297149,729.920593,1944.412616
-1280.018092,713.296459,1939.682519
-1294.485771,696.950037,1934.892390
-1308.714189,680.886660,1930.043133
-1322.716312,665.110498,1925.135740
-1336.503614,649.625363,1920.171382
-1350.086637,634.434584,1915.151138
-1363.474429,619.540523,1910.076343
-1376.674885,604.945181,1904.948314
-1389.694269,590.650513,1899.768563
-1402.537680,576.658252,1894.538575
-1415.208805,562.968969,1889.260044
-1427.709881,549.583905,1883.934679
-1440.041822,536.503769,1878.564281
-1452.203986,523.729586,1873.150783
-1464.194491,511.261719,1867.696192
-1476.009897,499.101475,1862.202610
-1487.645564,487.250097,1856.672158
-1499.095607,475.707849,1851.107098
-1510.352561,464.476868,1845.509780
-1521.407990,453.558590,1839.882559
-1532.252029,442.955183,1834.227957
-1542.874031,432.668131,1828.548427
-1553.261828,422.701022,1822.846602
-1563.402582,413.056327,1817.125078
-1573.282250,403.737875,1811.386580
-1582.886128,394.749178,1805.633795
-1592.198544,386.094853,1799.869500
-1601.203175,377.780613,1794.096461
-1609.883080,369.818421,1788.317504
-1618.220702,362.224472,1782.535431
-1626.198022,355.014761,1776.753089
-1633.796600,348.206198,1770.973287
-1640.997601,341.816114,1765.198867
-1647.782138,335.860789,1759.432620
-1654.130959,330.357805,1753.677356
-1660.024837,325.324265,1747.935800
-1665.444404,320.777433,1742.210722
-1670.370466,316.733887,1736.504776
-1674.783708,313.211196,1730.820633
-1678.665185,310.225112,1725.160888
-1681.996002,307.792089,1719.528072
-1684.757691,305.926863,1713.924641
-1686.931833,304.645040,1708.353035
-1688.500468,303.960771,1702.815565
-1689.446077,303.886839,1697.314505
-1689.751348,304.436265,1691.852033
-1689.399708,305.620998,1686.430251
-1688.384312,307.451114,1681.051210
-1686.708406,309.935786,1675.716773
-1684.374879,313.084623,1670.428832
-1681.386386,316.903941,1665.189114
-1677.744793,321.399466,1659.999292
-1673.451119,326.576178,1654.860941
-1668.505729,332.437172,1649.775500
-1662.908288,338.984058,1644.744370
-1656.657674,346.217064,1639.768869
-1649.751862,354.135082,1634.850143
-1642.188170,362.735159,1629.989320
-1633.963263,372.012295,1625.187418
-1625.072679,381.960909,1620.445359
-1615.511483,392.572896,1615.764010
-1605.273748,403.838922,1611.144092
-1594.352985,415.747634,1606.586312
-1582.741907,428.286091,1602.091228
-1570.432677,441.440319,1597.659419
-1557.416584,455.195005,1593.291291
-1543.684267,469.533336,1588.987215
-1529.225931,484.436457,1584.747483
-1514.031358,499.883785,1580.572367
-1498.089487,515.853526,1576.462009
-1481.388799,532.322408,1572.416556
-1463.917866,549.264337,1568.436042
-1445.664136,566.653060,1564.520479
-1426.615436,584.459347,1560.669809
-1406.758765,602.653299,1556.883941
-1386.081248,621.202738,1553.162726
-1364.569799,640.073895,1549.505966
-1342.211281,659.231431,1545.913433
-1318.994328,678.638648,1542.384885
-1294.910021,698.256822,1538.920034
-1269.950191,718.045131,1535.518472
-1244.106585,737.962379,1532.179918
-1217.372032,757.964824,1528.903952
-1189.740589,778.006619,1525.690147
-1161.206045,798.041545,1522.538103
-1131.763769,818.020795,1519.447338
-1101.409631,837.894394,1516.417365
-1070.140785,857.610465,1513.447689
-1037.955212,877.115806,1510.537835
-1004.851995,896.355437,1507.687248
-970.831605,915.272801,1504.895432
-935.895318,933.813275,1502.161815
-900.050938,951.926892,1499.485863
-863.310477,969.563777,1496.867017
-825.687148,986.673813,1494.304719
-787.196860,1003.205677,1491.798368
-747.857388,1019.107685,1489.347460
-707.688301,1034.327489,1486.951394
-666.711212,1048.812226,1484.609603
-624.949476,1062.508579,1482.321504
-582.429763,1075.362286,1480.086552
-539.179537,1087.319076,1477.904162
-495.229417,1098.323933,1475.773809
-450.611525,1108.321567,1473.694903
-405.359850,1117.256367,1471.666869
-359.511620,1125.072169,1469.689197
-313.105913,1131.716887,1467.761371
-266.183546,1137.150552,1465.882802
-218.787792,1141.335934,1464.052958
-170.963869,1144.236608,1462.271368
-122.759481,1145.816833,1460.537497
-74.224491,1146.041721,1458.850863
-25.410684,1144.877189,1457.210916
23.628325,1142.290051,1455.617222
72.836409,1138.247966,1454.069280
122.155423,1132.719537,1452.566625
171.525676,1125.674246,1451.108805
220.885442,1117.082585,1449.695391
270.173126,1106.915983,1448.325917
319.326080,1095.146811,1446.999984
368.279445,1081.748568,1445.717162
416.967148,1066.695690,1444.477040
465.321279,1049.963734,1443.279243
513.272655,1031.533223,1442.123372
560.750590,1011.409136,1441.009087
607.682691,989.607023,1439.936001
653.995807,966.144332,1438.903786
699.615182,941.040836,1437.912091
744.465017,914.318340,1436.960601
788.468431,886.000753,1436.048978
831.547681,856.113852,1435.176962
873.623932,824.685578,1434.344249
914.617664,791.745722,1433.550553
954.448463,757.326114,1432.795606
993.035695,721.460063,1432.079155
1030.297733,684.183079,1431.400966
1066.152938,645.532026,1430.760802
1100.518998,605.545800,1430.158443
1133.313745,564.264666,1429.593685
1164.480131,521.730573,1429.066324
1194.015981,477.986959,1428.576171
1221.927382,433.078627,1428.123076
1248.221786,387.051725,1427.706845
1272.907629,339.957167,1427.327361
1295.994918,291.868376,1426.984445
1317.494530,242.869531,1426.678016
1337.418725,193.046028,1426.407929
1355.780233,142.484604,1426.174096
1372.513659,91.273143,1425.976408
1387.392675,39.500460,1425.814792
1400.171164,-12.743702,1425.689171
1410.603086,-65.368882,1425.599506
1418.442950,-118.284000,1425.545737
1423.446168,-171.397529,1425.527800
