0.4509243340335054 0.4497570224130344 0.48910808276678935
0.5004616240514572 0.10102150268296384 0.48910808276678935
0.8886337438219456 0.4049967877932641 0.48910808276678935
0.5661468508320028 0.3779006628314151 0.48910808276678935
0.3674355815876492 0.7631456095688055 0.48910808276678935
0.03113716107386022 0.8519072049215493 0.48910808276678935
0.34057297901986006 0.9327437272685986 0.48910808276678935
0.829172679472798 0.7100380892335612 0.48910808276678935
0.3205046935773488 0.7728353363117758 0.48910808276678935
0.04636035933257665 0.23719611328595747 0.48910808276678935
0.18722872710291527 0.05131818003051225 0.48910808276678935
0.2842792329961118 0.5495197878563896 0.48910808276678935
0.14506886369756722 0.37324860631246193 0.48910808276678935
0.6052290373442565 0.7589752512703406 0.48910808276678935
0.09572719436027344 0.3983859604201433 0.48910808276678935
0.026377484899401837 0.32181918703052403 0.48910808276678935
0.019845419089586147 0.059006190707080575 0.48910808276678935
0.18268047451833225 0.6828607376844695 0.48910808276678935
0.6322493106400491 0.049457940339945106 0.48910808276678935
0.5617641675628431 0.9922784751345652 0.48910808276678935
0.5045513022613415 0.18686459800068866 0.48910808276678935
0.7416910344842226 0.9841410179558319 0.48910808276678935
0.34955218966894397 0.8197220093896347 0.48910808276678935
0.607935722899558 0.5563435829108403 0.48910808276678935
0.7684550495025045 0.7663117679084099 0.48910808276678935
0.3413954116839477 0.14539345323519448 0.48910808276678935
0.14766946231388833 0.8502743987249485 0.48910808276678935
0.11630393942619677 0.6855413089839713 0.48910808276678935
0.16586862677014058 0.4857130796079083 0.48910808276678935
0.10843340190130779 0.4170945278028645 0.48910808276678935
0.9238657615815944 0.4481230958830694 0.48910808276678935
0.37891552656502114 0.7572785537062501 0.48910808276678935
0.34482269955688105 0.7043152999953103 0.48910808276678935
0.069249502646057 0.4131622301204382 0.48910808276678935
0.7403177719438641 0.9959165648012247 0.48910808276678935
0.6898378105981152 0.8208027337087925 0.48910808276678935
0.14497173834863963 0.16635444810959177 0.48910808276678935
0.8062595116253288 0.11967086688061457 0.48910808276678935
0.10006310617857239 0.09521689851499826 0.48910808276678935
0.3429997414192061 0.22666597367977126 0.48910808276678935
0.042021581885195225 0.9241788893403294 0.48910808276678935
0.5349236500635044 0.3957240705039249 0.48910808276678935
0.39226181176705044 0.6763591825700997 0.48910808276678935
0.9700302052020031 0.22211727965656558 0.48910808276678935
0.7263504979876096 0.1043690206587875 0.48910808276678935
0.7236223589377375 0.6132191570788457 0.48910808276678935
0.06469833251940371 0.2455809328197499 0.48910808276678935
0.2288737986158682 0.5362540043489973 0.48910808276678935
0.708436406299157 0.5376835602008606 0.48910808276678935
0.7221398796650246 0.856126269682262 0.48910808276678935
0.9144764671036263 0.1740576978441425 0.48910808276678935
0.26747938010110306 0.5546295287404494 0.48910808276678935
0.24525581801885177 0.0333743933540841 0.48910808276678935
0.5469540630355835 0.6738848025334222 0.48910808276678935
0.8232096366125844 0.8612059261993694 0.48910808276678935
0.733696581559846 0.7161921915201613 0.48910808276678935
0.2889222116465727 0.2337132015687583 0.48910808276678935
0.5211243528595653 0.4343211168956176 0.48910808276678935
0.2873682733063364 0.31780681279837053 0.48910808276678935
0.4596612377277077 0.24912988061917274 0.48910808276678935
0.7559907558408364 0.3285686305841242 0.48910808276678935
0.06966332195883707 0.38264144379500487 0.48910808276678935
0.05985839405215243 0.15451647467617924 0.48910808276678935
0.6852832353035014 0.5598202204780087 0.48910808276678935
0.9756024310890166 0.6184239595881263 0.48910808276678935
0.43202442821357256 0.09718958021652624 0.48910808276678935
0.5011764945122342 0.8458400538516492 0.48910808276678935
0.11283089658568846 0.4706704045351474 0.48910808276678935
0.9265164331262514 0.8444757650748554 0.48910808276678935
0.2251010092992055 0.4466825242210104 0.48910808276678935
0.25756930970425707 0.7907648905245512 0.48910808276678935
0.1824909602759387 0.6028091990827058 0.48910808276678935
0.6737237241539545 0.9596808326176326 0.48910808276678935
0.9534068614360045 0.4091389485403357 0.48910808276678935
0.8073251290203726 0.17133535468085725 0.48910808276678935
0.3844245686486799 0.7163892452768337 0.48910808276678935
0.37323748561995096 0.029072116929985126 0.48910808276678935
0.8282152076239107 0.7635082788901196 0.48910808276678935
0.8986689548684547 0.6910348108340827 0.48910808276678935
0.08257611837088807 0.09455020265408787 0.48910808276678935
0.049934823785198534 0.6410788400625025 0.48910808276678935
0.4644489429897739 0.8822325715157314 0.48910808276678935
0.5477808364619872 0.12665332848845567 0.48910808276678935
0.5334151682479747 0.5722443423554386 0.48910808276678935
0.8879810843429694 0.9105768838682224 0.48910808276678935
0.9518963228994166 0.9499490632626787 0.48910808276678935
0.43515383076339376 0.1106439693193948 0.48910808276678935
0.3543180282539795 0.6559826181316644 0.48910808276678935
0.6084927611620106 0.28039787905129787 0.48910808276678935
0.7604538671419604 0.5940202670792697 0.48910808276678935
0.8626044402999646 0.6257993498858431 0.48910808276678935
0.10256853663495547 0.17903646253810912 0.48910808276678935
0.8481332854510265 0.9474488278630014 0.48910808276678935
0.23753677564001263 0.35353288311056297 0.48910808276678935
0.7501284638504171 0.799465473826429 0.48910808276678935
0.30776146866568266 0.8143028134968171 0.48910808276678935
0.4688282034683867 0.4594093763561191 0.48910808276678935
0.5937973996493263 0.9317540925167963 0.48910808276678935
0.18684614263585297 0.7900457632201685 0.48910808276678935
0.2424235615592083 0.3200266694946696 0.48910808276678935
