4.509243340335054029e-01 4.497570224130343908e-01 100.0
5.004616240514572212e-01 1.010215026829638374e-01 100.0
8.886337438219455986e-01 4.049967877932640903e-01 100.0
5.661468508320027793e-01 3.779006628314151017e-01 100.0
3.674355815876492182e-01 7.631456095688055052e-01 100.0
3.113716107386022003e-02 8.519072049215492548e-01 100.0
3.405729790198600559e-01 9.327437272685985548e-01 100.0
8.291726794727980465e-01 7.100380892335611538e-01 100.0
3.205046935773487871e-01 7.728353363117758112e-01 100.0
4.636035933257665054e-02 2.371961132859574661e-01 100.0
1.872287271029152711e-01 5.131818003051225041e-02 100.0
2.842792329961117970e-01 5.495197878563895522e-01 100.0
1.450688636975672186e-01 3.732486063124619280e-01 100.0
6.052290373442564819e-01 7.589752512703406007e-01 100.0
9.572719436027343765e-02 3.983859604201432925e-01 100.0
2.637748489940183738e-02 3.218191870305240343e-01 100.0
1.984541908958614709e-02 5.900619070708057468e-02 100.0
1.826804745183322476e-01 6.828607376844695320e-01 100.0
6.322493106400490781e-01 4.945794033994510563e-02 100.0
5.617641675628430864e-01 9.922784751345652410e-01 100.0
5.045513022613414833e-01 1.868645980006886642e-01 100.0
7.416910344842225777e-01 9.841410179558318649e-01 100.0
3.495521896689439689e-01 8.197220093896346871e-01 100.0
6.079357228995579954e-01 5.563435829108402952e-01 100.0
7.684550495025045391e-01 7.663117679084099354e-01 100.0
3.413954116839477138e-01 1.453934532351944808e-01 100.0
1.476694623138883333e-01 8.502743987249484769e-01 100.0
1.163039394261967674e-01 6.855413089839712537e-01 100.0
1.658686267701405814e-01 4.857130796079083268e-01 100.0
1.084334019013077910e-01 4.170945278028644898e-01 100.0
9.238657615815943913e-01 4.481230958830694222e-01 100.0
3.789155265650211435e-01 7.572785537062500794e-01 100.0
3.448226995568810516e-01 7.043152999953102844e-01 100.0
6.924950264605700401e-02 4.131622301204381786e-01 100.0
7.403177719438640558e-01 9.959165648012247019e-01 100.0
6.898378105981152197e-01 8.208027337087925313e-01 100.0
1.449717383486396338e-01 1.663544481095917682e-01 100.0
8.062595116253288285e-01 1.196708668806145681e-01 100.0
1.000631061785723919e-01 9.521689851499826052e-02 100.0
3.429997414192060834e-01 2.266659736797712599e-01 100.0
4.202158188519522497e-02 9.241788893403294347e-01 100.0
5.349236500635043967e-01 3.957240705039248851e-01 100.0
3.922618117670504390e-01 6.763591825700997484e-01 100.0
9.700302052020031152e-01 2.221172796565655805e-01 100.0
7.263504979876096446e-01 1.043690206587875036e-01 100.0
7.236223589377375198e-01 6.132191570788456669e-01 100.0
6.469833251940371177e-02 2.455809328197499086e-01 100.0
2.288737986158682070e-01 5.362540043489972819e-01 100.0
7.084364062991570510e-01 5.376835602008606108e-01 100.0
7.221398796650245755e-01 8.561262696822620200e-01 100.0
9.144764671036262893e-01 1.740576978441424894e-01 100.0
2.674793801011030592e-01 5.546295287404493513e-01 100.0
2.452558180188517678e-01 3.337439335408409757e-02 100.0
5.469540630355834709e-01 6.738848025334222003e-01 100.0
8.232096366125843945e-01 8.612059261993694204e-01 100.0
7.336965815598459617e-01 7.161921915201613364e-01 100.0
2.889222116465727241e-01 2.337132015687582998e-01 100.0
5.211243528595652652e-01 4.343211168956175872e-01 100.0
2.873682733063364081e-01 3.178068127983705304e-01 100.0
4.596612377277077277e-01 2.491298806191727389e-01 100.0
7.559907558408364148e-01 3.285686305841242216e-01 100.0
6.966332195883706557e-02 3.826414437950048653e-01 100.0
5.985839405215243048e-02 1.545164746761792385e-01 100.0
6.852832353035014368e-01 5.598202204780087232e-01 100.0
9.756024310890165641e-01 6.184239595881263485e-01 100.0
4.320244282135725644e-01 9.718958021652623902e-02 100.0
5.011764945122342274e-01 8.458400538516491762e-01 100.0
1.128308965856884560e-01 4.706704045351474130e-01 100.0
9.265164331262514263e-01 8.444757650748554445e-01 100.0
2.251010092992055123e-01 4.466825242210104019e-01 100.0
2.575693097042570656e-01 7.907648905245512339e-01 100.0
1.824909602759386962e-01 6.028091990827058044e-01 100.0
6.737237241539545396e-01 9.596808326176325954e-01 100.0
9.534068614360045046e-01 4.091389485403357229e-01 100.0
8.073251290203725672e-01 1.713353546808572547e-01 100.0
3.844245686486799096e-01 7.163892452768336749e-01 100.0
3.732374856199509594e-01 2.907211692998512564e-02 100.0
8.282152076239106542e-01 7.635082788901196293e-01 100.0
8.986689548684546613e-01 6.910348108340826911e-01 100.0
8.257611837088807416e-02 9.455020265408786706e-02 100.0
4.993482378519853437e-02 6.410788400625024863e-01 100.0
4.644489429897739052e-01 8.822325715157314230e-01 100.0
5.477808364619871639e-01 1.266533284884556743e-01 100.0
5.334151682479747469e-01 5.722443423554386399e-01 100.0
8.879810843429694067e-01 9.105768838682224420e-01 100.0
9.518963228994166137e-01 9.499490632626786946e-01 100.0
4.351538307633937563e-01 1.106439693193947971e-01 100.0
3.543180282539795112e-01 6.559826181316643634e-01 100.0
6.084927611620105647e-01 2.803978790512978714e-01 100.0
7.604538671419603935e-01 5.940202670792696926e-01 100.0
8.626044402999646366e-01 6.257993498858430703e-01 100.0
1.025685366349554650e-01 1.790364625381091201e-01 100.0
8.481332854510265085e-01 9.474488278630014415e-01 100.0
2.375367756400126318e-01 3.535328831105629677e-01 100.0
7.501284638504170932e-01 7.994654738264289628e-01 100.0
3.077614686656826581e-01 8.143028134968171017e-01 100.0
4.688282034683867172e-01 4.594093763561191146e-01 100.0
5.937973996493263185e-01 9.317540925167963062e-01 100.0
1.868461426358529742e-01 7.900457632201685065e-01 100.0
2.424235615592083004e-01 3.200266694946696244e-01 100.0
