4.225095267148383238e-01 3.632111463596482404e-01 3.748805361931685232e-01
6.976595302915400421e-01 9.206316173675450631e-01 6.316548319297133895e-01
6.441097137634185232e-01 7.178053035270532956e-01 5.605411473959615032e-01
7.154871385942946915e-01 7.620136844643721208e-02 3.482875317342101207e-01
1.433797042378776032e-01 6.094387361404856041e-01 5.455568148425160580e-02
6.610047450443559125e-01 3.307813695974133328e-01 5.278339631343681448e-01
1.449797551738727375e-01 6.556242029553811523e-01 6.509510378656213625e-03
2.558746085652288116e-01 4.073709473687882054e-01 3.056062831434307459e-01
1.464299021926698252e-01 1.717589684954241580e-01 7.795106019545506859e-01
6.295266198635759425e-01 7.121482075271190482e-02 9.843443111935246126e-02
3.336950817737205366e-01 3.254038233736045171e-03 5.837389563054032893e-01
1.297011170353510323e-01 3.057806799755821148e-01 1.434402283737730155e-01
1.831542028600013916e-01 7.813124114943951204e-01 2.612929249612582216e-01
1.721127176433415729e-01 8.724041918363251158e-01 8.535732739608494768e-01
2.158663655887355093e-01 4.291243977056004022e-01 2.923038388541691068e-01
4.283281018950546581e-02 5.574449664429198537e-01 8.796446973503879718e-02
9.562022156961473840e-01 8.445095966366035212e-01 9.096312708327503049e-02
4.750335658791231541e-01 8.544262135259579338e-01 4.377999895144293330e-01
1.802637217611932074e-01 2.422538616218630203e-01 2.976442555711732441e-01
8.060574181481184874e-01 4.859760525393355124e-01 5.725651653423359244e-01
1.694107226642929120e-01 4.853249647047366278e-01 1.891755916349847633e-01
2.471651203986140466e-01 4.878679165480882540e-01 7.901065502822772757e-01
2.945357915118730352e-01 3.209720842856802481e-01 1.970627763149014333e-01
1.653876214102623088e-01 3.783105589815216607e-02 1.293717953351792849e-01
3.010718489843999812e-01 3.828081896388890737e-02 5.946975647714026758e-01
