4.509243340335054029e-01 4.497570224130343908e-01 3.334623143153376823e-01
5.004616240514572212e-01 1.010215026829638374e-01 1.863755425692967815e-01
8.886337438219455986e-01 4.049967877932640903e-01 7.922346572544243237e-01
5.661468508320027793e-01 3.779006628314151017e-01 6.712462642276605385e-01
3.674355815876492182e-01 7.631456095688055052e-01 2.046935770614540795e-01
3.113716107386022003e-02 8.519072049215492548e-01 2.017605952024381644e-02
3.405729790198600559e-01 9.327437272685985548e-01 6.925623253485642117e-01
8.291726794727980465e-01 7.100380892335611538e-01 3.383083138871072482e-01
3.205046935773487871e-01 7.728353363117758112e-01 9.434898498938125710e-01
4.636035933257665054e-02 2.371961132859574661e-01 7.597933577633783075e-01
1.872287271029152711e-01 5.131818003051225041e-02 9.615506133112596832e-01
2.842792329961117970e-01 5.495197878563895522e-01 3.160308058898190220e-01
1.450688636975672186e-01 3.732486063124619280e-01 3.791878853767309820e-01
6.052290373442564819e-01 7.589752512703406007e-01 1.357106088591187865e-01
9.572719436027343765e-02 3.983859604201432925e-01 4.553252438852080086e-01
2.637748489940183738e-02 3.218191870305240343e-01 2.046357508091380950e-01
1.984541908958614709e-02 5.900619070708057468e-02 4.673877434840234546e-02
1.826804745183322476e-01 6.828607376844695320e-01 1.567517685991715037e-02
6.322493106400490781e-01 4.945794033994510563e-02 8.938071248338660402e-01
5.617641675628430864e-01 9.922784751345652410e-01 7.735197019278222674e-01
5.045513022613414833e-01 1.868645980006886642e-01 3.607754093286855701e-01
7.416910344842225777e-01 9.841410179558318649e-01 9.244255008660474671e-01
3.495521896689439689e-01 8.197220093896346871e-01 3.977865995836117330e-01
6.079357228995579954e-01 5.563435829108402952e-01 7.846072938854881107e-01
7.684550495025045391e-01 7.663117679084099354e-01 2.335859334874108573e-01
3.413954116839477138e-01 1.453934532351944808e-01 2.032083829113252582e-01
1.476694623138883333e-01 8.502743987249484769e-01 7.609870716190858531e-02
1.163039394261967674e-01 6.855413089839712537e-01 9.200690569838816391e-01
1.658686267701405814e-01 4.857130796079083268e-01 5.620134310145810108e-01
1.084334019013077910e-01 4.170945278028644898e-01 2.713590949486019976e-01
9.238657615815943913e-01 4.481230958830694222e-01 8.291942785113406433e-01
3.789155265650211435e-01 7.572785537062500794e-01 7.134743689289517743e-01
3.448226995568810516e-01 7.043152999953102844e-01 1.215068010640901752e-01
6.924950264605700401e-02 4.131622301204381786e-01 7.717486206147662342e-01
7.403177719438640558e-01 9.959165648012247019e-01 7.978993687457297534e-01
6.898378105981152197e-01 8.208027337087925313e-01 6.521391455095171263e-02
1.449717383486396338e-01 1.663544481095917682e-01 5.182343149479715638e-01
8.062595116253288285e-01 1.196708668806145681e-01 3.422219156498362835e-02
1.000631061785723919e-01 9.521689851499826052e-02 1.992516692870834882e-01
3.429997414192060834e-01 2.266659736797712599e-01 8.616632067230447500e-01
4.202158188519522497e-02 9.241788893403294347e-01 6.443773987706500339e-01
5.349236500635043967e-01 3.957240705039248851e-01 2.904285741674427213e-01
3.922618117670504390e-01 6.763591825700997484e-01 7.333407114223365886e-01
9.700302052020031152e-01 2.221172796565655805e-01 6.944938268479268206e-01
7.263504979876096446e-01 1.043690206587875036e-01 8.968700494038265303e-01
7.236223589377375198e-01 6.132191570788456669e-01 5.966151616710826389e-01
6.469833251940371177e-02 2.455809328197499086e-01 1.368589913801834257e-01
2.288737986158682070e-01 5.362540043489972819e-01 5.004896396681792758e-01
7.084364062991570510e-01 5.376835602008606108e-01 8.911813588511474649e-01
7.221398796650245755e-01 8.561262696822620200e-01 2.973311466244494827e-01
9.144764671036262893e-01 1.740576978441424894e-01 7.507242831805068795e-01
2.674793801011030592e-01 5.546295287404493513e-01 7.322988806736306922e-01
2.452558180188517678e-01 3.337439335408409757e-02 7.749422442060279748e-01
5.469540630355834709e-01 6.738848025334222003e-01 5.829981105324797408e-01
8.232096366125843945e-01 8.612059261993694204e-01 2.644428432386045635e-01
7.336965815598459617e-01 7.161921915201613364e-01 5.861671097039701239e-01
2.889222116465727241e-01 2.337132015687582998e-01 8.938236161406167835e-01
5.211243528595652652e-01 4.343211168956175872e-01 1.416248286005714618e-01
2.873682733063364081e-01 3.178068127983705304e-01 8.807957767977973029e-01
4.596612377277077277e-01 2.491298806191727389e-01 6.268712582231095176e-02
7.559907558408364148e-01 3.285686305841242216e-01 4.499033042023338202e-01
6.966332195883706557e-02 3.826414437950048653e-01 4.523482087389898432e-01
5.985839405215243048e-02 1.545164746761792385e-01 2.016338370595283092e-01
6.852832353035014368e-01 5.598202204780087232e-01 6.975371081778647397e-02
9.756024310890165641e-01 6.184239595881263485e-01 1.193536467023724734e-01
4.320244282135725644e-01 9.718958021652623902e-02 3.303861688346946268e-01
5.011764945122342274e-01 8.458400538516491762e-01 8.401595615295198716e-02
1.128308965856884560e-01 4.706704045351474130e-01 6.932467798202026632e-01
9.265164331262514263e-01 8.444757650748554445e-01 2.941884735797465344e-01
2.251010092992055123e-01 4.466825242210104019e-01 1.865818917124018039e-01
2.575693097042570656e-01 7.907648905245512339e-01 9.475945557670233388e-01
1.824909602759386962e-01 6.028091990827058044e-01 1.352378260375846075e-01
6.737237241539545396e-01 9.596808326176325954e-01 3.533479792344443871e-01
9.534068614360045046e-01 4.091389485403357229e-01 1.230298967886760408e-01
8.073251290203725672e-01 1.713353546808572547e-01 7.386143227794883526e-02
3.844245686486799096e-01 7.163892452768336749e-01 7.614004548704430553e-01
3.732374856199509594e-01 2.907211692998512564e-02 1.069219439258762838e-01
8.282152076239106542e-01 7.635082788901196293e-01 8.525436657826620523e-01
8.986689548684546613e-01 6.910348108340826911e-01 7.609776561238384973e-01
8.257611837088807416e-02 9.455020265408786706e-02 3.011495220409321494e-02
4.993482378519853437e-02 6.410788400625024863e-01 4.812900354699309879e-01
4.644489429897739052e-01 8.822325715157314230e-01 8.552961631327591352e-01
5.477808364619871639e-01 1.266533284884556743e-01 9.279084348232983226e-01
5.334151682479747469e-01 5.722443423554386399e-01 1.225328446050477638e-01
8.879810843429694067e-01 9.105768838682224420e-01 6.390466939720121919e-01
9.518963228994166137e-01 9.499490632626786946e-01 5.852963834401975207e-01
4.351538307633937563e-01 1.106439693193947971e-01 3.266938653817992311e-01
3.543180282539795112e-01 6.559826181316643634e-01 7.376381664161714147e-01
6.084927611620105647e-01 2.803978790512978714e-01 5.532990434105268251e-01
7.604538671419603935e-01 5.940202670792696926e-01 1.184443053560259029e-01
8.626044402999646366e-01 6.257993498858430703e-01 9.764002198935013421e-01
1.025685366349554650e-01 1.790364625381091201e-01 7.584262743451115618e-01
8.481332854510265085e-01 9.474488278630014415e-01 9.458297254561808254e-01
2.375367756400126318e-01 3.535328831105629677e-01 2.835331873592250584e-01
7.501284638504170932e-01 7.994654738264289628e-01 6.129292925769378453e-01
3.077614686656826581e-01 8.143028134968171017e-01 4.543226953407799584e-01
4.688282034683867172e-01 4.594093763561191146e-01 5.455266131315761324e-01
5.937973996493263185e-01 9.317540925167963062e-01 2.084916989678043953e-01
1.868461426358529742e-01 7.900457632201685065e-01 4.856506347410858293e-01
2.424235615592083004e-01 3.200266694946696244e-01 4.709185452958037921e-01
