7.461400893025975645e-01 5.373306087522455865e-01 8.508737697969995795e-01
5.262462825582486792e-01 9.559965968738204367e-03 9.524258761664395889e-01
4.079939300674196856e-01 9.225262029359652116e-01 9.602677734759295092e-01
2.103533040716364377e-01 3.774771310953540793e-01 4.711438640802948496e-01
7.135185643424750701e-01 1.890316421985918094e-01 1.610749460000785449e-01
1.057366625635314250e-01 2.330793894045412040e-01 8.357448615446031459e-01
1.447317963845196065e-02 5.128880318289661400e-01 8.298891860082879823e-02
8.495251850253892067e-01 4.891462237155794757e-01 5.198841556725319890e-02
9.022650903762188257e-01 6.097798390247954892e-01 7.196865042761937392e-01
5.795800658161353036e-01 6.689548385668836472e-01 5.203579338649630959e-01
9.959839626914770427e-01 4.348269087918267273e-01 6.671916475128689683e-01
2.180789657851854857e-01 9.916694371059534552e-01 3.696691403419153366e-01
8.689198808510231187e-01 1.864197210540972094e-01 8.503584951210587661e-01
9.643178990613587853e-02 3.011459929374945554e-01 4.467663948447326838e-01
7.553419373506228274e-01 2.581101406953216770e-01 6.757112755697665119e-01
2.487472272338407953e-01 1.636808005788138454e-01 7.826465739443133618e-01
7.802039624660521699e-01 6.649187941291841986e-01 4.659992458021813277e-01
2.411983404268999154e-01 3.322632116116420731e-01 8.543365922611242391e-01
9.567060079130719208e-01 8.248346861971822541e-01 2.569025832723467184e-01
1.019864803185903668e-01 2.829485997317441326e-01 9.683056763486944662e-01
2.136760378255992965e-01 6.531388573020644461e-01 6.265221928173302368e-01
9.910107004973764955e-01 7.160709445140153173e-01 8.206057153532440029e-01
5.014939154859819892e-01 8.402392556783198074e-01 6.464726722643345802e-01
9.986442661254590902e-02 7.343475916495829647e-01 6.020553130565838851e-01
5.858099676987196247e-01 5.885675936494813021e-01 7.737182227635149845e-01
2.873672847085689819e-01 6.469084721087248191e-02 7.673170555168535856e-01
8.940720590657792455e-01 3.428961372202018465e-01 7.635451535897130881e-02
7.665191760190739334e-01 3.369387337773391833e-01 1.002679314698821100e-01
5.770746187074375921e-01 2.769520259365831905e-01 5.368668998171918227e-01
6.576358387254017668e-01 3.190233984054169358e-01 3.881919654372878448e-01
4.308739793034980226e-01 7.475281676480235449e-01 4.003123072034397989e-02
3.909371998134776316e-01 2.239892760864560239e-01 2.415087735821233039e-01
8.333807907103261137e-01 7.331907501277308281e-01 9.243174671912471885e-01
6.042921782018038090e-01 8.738070130144541814e-01 9.539051123685889921e-01
5.354352618718933865e-01 5.955832594595299456e-01 4.658808287955428229e-01
3.040205623036973392e-01 7.937424465707209054e-01 4.885568232567946145e-01
7.981499027361708132e-01 7.052533473646468432e-01 4.316090126966487528e-01
1.750913141785424010e-01 5.389495874470127124e-01 6.349921593638454542e-01
5.917572297642069712e-01 2.368605425074910009e-02 7.745175612702317469e-01
5.814638327610124335e-01 5.096578147858585872e-01 8.262279232301890097e-01
6.751505138752396107e-01 3.475082870188448414e-01 6.413725066223688875e-01
5.176093961541858857e-01 4.732119225030957388e-01 1.759535956150337643e-02
3.493073002630904256e-01 2.553544563128078426e-01 5.134904761843386289e-01
4.436988762758915517e-01 2.830058305030701549e-01 1.975700047524709957e-01
6.919918737516594920e-02 4.767875183688696783e-01 5.080990463512101707e-01
2.393672183782407092e-01 6.196067982752266889e-01 5.563871419591359668e-02
6.097680357913426441e-02 2.828666590383069890e-01 6.418686232686315885e-01
9.174962156973849314e-01 5.506766001885856632e-01 6.803308705015714830e-01
3.320102374782194499e-01 8.073854404678260099e-02 6.642974246647489478e-01
1.278954302247502506e-01 9.782479333312147363e-01 9.743901595800696924e-02
2.132994196090084449e-01 2.932799348649509641e-01 4.588282747292279362e-01
3.166421135211259230e-01 4.179549581381024614e-01 7.462466151612279219e-01
4.044519747789026010e-01 6.528650966804989686e-01 2.722695961948433663e-01
9.722378880207308560e-01 9.322621025680588591e-01 6.016879052691948004e-01
6.990641206433487742e-01 3.029916105994200359e-01 4.349470520769628257e-01
1.071742182354336048e-01 8.810561185913724502e-01 6.848384941409082494e-01
2.907951542918785215e-02 7.970019272986139658e-01 3.297683075886370663e-02
2.582853488860130664e-01 1.313843366342486441e-01 3.072457802255982307e-01
2.154245260067688683e-01 4.479355153162776215e-01 6.929539749314813646e-01
1.986437607720779042e-01 1.825341879817614643e-01 1.469242985767722498e-01
2.418041134791953928e-01 4.166034349446711138e-01 6.480612677449022474e-01
7.270925028354567887e-01 5.987124521459732396e-01 3.288079311845905073e-01
1.252384578075903532e-01 1.420836739042165009e-01 3.199716440778531679e-01
9.981667167005530139e-01 4.296264976487007559e-02 5.872301081209962970e-02
2.681596828556519485e-01 4.095698208429366938e-01 6.621624590232411123e-01
8.224655345483730118e-01 9.484894770568164102e-02 4.395778553844303937e-01
3.277942806768907591e-02 5.487105275609948096e-01 4.400934344535791798e-01
2.531820028179538884e-01 8.018283617770410876e-01 8.964760844879091639e-01
5.000159085828794758e-01 9.584098288755793504e-01 4.832118934752781536e-01
8.931697796661305366e-01 8.684162896890464944e-01 6.425007893514245172e-01
3.189287088212874322e-01 2.514798049463566887e-01 8.732392056407705105e-01
9.596690339884359489e-01 6.234824537528482757e-01 8.777624954174503280e-01
5.180626064715703194e-01 2.135588322061868771e-01 3.971605356268069764e-01
9.805032749338327136e-02 4.067211450740980672e-01 8.834378920188488138e-01
5.905470683224250950e-01 6.397441355888334735e-01 1.483730944605581303e-01
7.426075333758830332e-02 6.108288831465749080e-01 6.237428302992250595e-01
2.815170543177487605e-01 5.392758159540123053e-01 9.767985778912199324e-01
7.094020585164595438e-02 7.281700942357398620e-01 3.237678468037497037e-02
4.323326626670281891e-01 2.431993008629584896e-02 9.115632827637926150e-01
1.430548116626744193e-01 2.918821931169029993e-01 4.389200494871464686e-01
2.654271518210783443e-01 3.123691813346222146e-01 2.759301066392735313e-01
1.700459919735065606e-01 6.899200908377325359e-01 2.631399346899114811e-01
8.950168203590674887e-01 9.622192234129584021e-01 8.355435359900154069e-02
6.338611838111478658e-01 2.970874910004419611e-01 6.301097913398520101e-01
4.254915957369620472e-01 7.744648000719319691e-01 4.662533088793257008e-01
1.789820749134806155e-01 2.339745376465515170e-01 8.531371550498030309e-01
9.559496768944779621e-01 2.378013957453428695e-01 4.061103741935272460e-01
8.506676669068143903e-01 3.336880034453584276e-01 1.194557621780111267e-01
8.839501367890937322e-01 9.602431382749844202e-01 1.322573932504446104e-01
4.286482965105126164e-01 7.046242081828116843e-01 7.334372916088817140e-01
3.394932028486772335e-01 3.111903043284320880e-01 2.204031971667451684e-01
1.086558331509051012e-01 9.048725827915589104e-01 2.402807459993389072e-01
5.633940925516990328e-01 8.414136417111542920e-01 2.774157949815535540e-01
3.450809413689076566e-01 7.601081930412056931e-02 4.978336079302665418e-01
9.667617818663830631e-01 6.106233119048760649e-01 5.244129914050827956e-01
5.097293314293342981e-01 2.254877988891790253e-03 9.147160350994633093e-01
5.668008736095571098e-01 6.563490774256447446e-01 1.986627675263230586e-02
9.456858674941537313e-02 2.679309235383273702e-01 2.038427965947979814e-01
8.200702552396325062e-01 7.788129070063987136e-01 7.276355857396731297e-01
3.518706142849903351e-01 7.015738845269566815e-01 6.807762092552436251e-01
4.519369997508640990e-01 1.322650444861521724e-01 6.610389101472532447e-01
6.310589415773673050e-01 1.177140128542500941e-01 8.089450527623816001e-01
5.611337870592402188e-01 6.053350029912980546e-01 3.702251052783829266e-01
8.666480238691364191e-01 5.284509742853926717e-02 7.291599309624750003e-01
1.988493084523021981e-01 3.228381493638354804e-03 2.542261608771603232e-01
9.743138140622226162e-01 3.919432592813628657e-01 8.882344661384463658e-01
1.346225883210037111e-01 5.973069701178767010e-01 9.920556178337185393e-01
4.169291437219745378e-01 1.188207545662138820e-01 8.995465963757969252e-01
1.227446367085768264e-01 2.492565524590590886e-01 7.578124962194703329e-01
1.217991457023459567e-02 3.050613578833495376e-01 7.992891191654650784e-01
8.923419440430907512e-01 2.060870050650276397e-02 8.873121586395220639e-01
3.150324023307241594e-01 2.019821368204649525e-01 5.900912490618337447e-02
9.173119680989009206e-01 2.367910452836846646e-01 3.361727151458785423e-01
7.286501337009987367e-01 3.767212018049936884e-02 3.375745990746686909e-01
1.149178508734136628e-01 3.438161934838246392e-01 6.413404040222226987e-01
1.136209013382135646e-01 3.501954304032858234e-01 4.143231397242478353e-01
5.651063594106868759e-01 4.880748874589092567e-01 6.485346938526175276e-01
1.074814831438652973e-02 6.466053717404474099e-01 2.607066898531207322e-01
8.642811164135953961e-01 2.456685933602350547e-01 1.353345730891279963e-01
4.753659766950160126e-01 1.150692799181072257e-01 5.286888378010168310e-03
3.640378155365624480e-01 8.672428388551459699e-01 3.318571574623701004e-01
9.899689967766828191e-01 5.736912865173373621e-01 6.022649130729281763e-01
3.949450969476006046e-01 1.885754625017965758e-01 3.136717697520144954e-01
5.190350851401206445e-01 3.275177220444358550e-02 2.751555543098278545e-01
7.290060842344020520e-01 5.097872650503800784e-01 9.119688343517624585e-01
7.084205889769851217e-01 5.979973230047849198e-01 5.331702967659035508e-02
4.980742905134282195e-01 8.326181266556632599e-01 4.808995853986905988e-01
1.067108763816589923e-01 9.237063023316217647e-01 4.559651786809530982e-01
1.882555903850999801e-01 5.462493518139976967e-02 5.538631289206022990e-01
5.047922136308280461e-02 5.391286146246334621e-01 1.464675554054920559e-01
9.190975671965094795e-01 4.802685607299260750e-01 1.871264955870777236e-01
5.877024352650416228e-01 5.993482217475539775e-01 2.124583820548630042e-01
2.055616040279212298e-01 7.356405711437242756e-01 9.831967692521034197e-01
7.455177088897924076e-01 6.077727366503866691e-01 6.102367347489184857e-01
1.641894951554212501e-02 8.141286605838793378e-01 5.913091166399552234e-01
4.984139419819119121e-01 5.752289037637493552e-01 8.064044159118310962e-02
1.639926519273063876e-01 1.507046373259535166e-02 1.696153646828646444e-02
8.067738441809374494e-01 3.605873357083331232e-01 8.354867754880271891e-01
8.414202451563114193e-01 3.220466750866556316e-01 4.912896061534200998e-01
2.619032866482758903e-01 8.479937181494071607e-01 5.358050186967469042e-01
5.079575889988705573e-01 3.317056138187191028e-02 5.578543863002110026e-01
6.410443291589825732e-01 7.406807304318622220e-01 1.416583348210675997e-01
6.109853133156111227e-01 4.318842782205237762e-01 9.521380600102021807e-01
9.670663433492704408e-01 5.535199986535053185e-01 6.973344199193922677e-01
6.874000022414158417e-01 6.378691867678274452e-01 6.308163485751608901e-01
6.411370085712634337e-01 2.231864383931669860e-02 9.439328641108248874e-01
5.150051900634556867e-01 6.864138630203565627e-01 1.010016551123105177e-02
4.543000029542063611e-01 7.199446145677044218e-01 8.249203407280563116e-01
8.924027124240461184e-01 1.673150445945248421e-02 7.852503896047807741e-01
9.564816213945298573e-01 4.874849652580064419e-01 3.381409721299704074e-01
8.410806243640343016e-01 3.187013423206630502e-01 5.944080280567043406e-02
4.765697759006338741e-01 8.737970650180918453e-01 1.435266105455368368e-01
6.687438589770980935e-01 4.513583285091741226e-01 5.297117807244783316e-01
4.911885080669631254e-01 8.691150177415470912e-01 3.216824968681202268e-01
3.599308375601464327e-01 6.782852711187725703e-03 3.508073764047259235e-02
5.713321361076368898e-01 2.664421533885170668e-01 8.300525573483732433e-01
3.038278767765711930e-02 2.222328207145581880e-01 2.647918779077372831e-01
9.706304815413080433e-01 5.218136117063297830e-01 3.328387800040529809e-01
3.355884772465734800e-01 6.740651360368655753e-01 1.120064701126455287e-01
6.312451277516186732e-01 9.655184877785557562e-01 5.519404481437952814e-01
1.598885654418132907e-01 5.712708552110168370e-02 3.866132482166334539e-01
9.685281487904916498e-01 9.542099719796806045e-01 7.425179958147595238e-01
5.025931851559577446e-01 3.287822498649238812e-01 7.191850238390995464e-01
4.073524444481855245e-01 3.901773053629733479e-01 5.435551481916039984e-01
1.067116406353215696e-01 3.304389544956325420e-01 3.547752325508058968e-01
4.279528057111634531e-01 3.736250780636229951e-01 9.790798369478460605e-01
9.109226525156688403e-02 8.234612725608779771e-01 7.518716303263007772e-01
3.671105968479605464e-01 2.566122045384044981e-01 2.479853707890531389e-01
4.443689569956905672e-01 9.418736768009255966e-01 6.525651931414483409e-01
6.996923838993627243e-01 7.870265031038614634e-02 8.660194994753105391e-01
5.976827406093709882e-02 4.850666749668059996e-01 4.461311096051913117e-01
7.461389282315955551e-01 2.592956282079171837e-01 1.304238201423212340e-01
6.345158826630072912e-01 6.872034543698681830e-01 9.487549046871458502e-01
4.920264921487809140e-01 9.314635119475545011e-01 2.758162830592000292e-01
3.032259051571620789e-01 5.367369075142640611e-01 7.503481586549760607e-01
8.924223698037211383e-01 4.352979935530244537e-01 8.640981677848509346e-01
4.965005330771841141e-01 9.126425406975056109e-01 3.905791724930317566e-01
6.648949414324571983e-01 3.784605920932441192e-01 9.570928834241052563e-01
4.945154508108469127e-01 9.726140249488919309e-01 7.179610974527337319e-01
3.362704302975745296e-01 5.783564012173060265e-01 6.330428432607548839e-02
8.294398931215088977e-01 3.577936156601424500e-02 2.411020325271570064e-01
6.186202012769487224e-01 1.847406813786287572e-01 7.475779712872759886e-01
9.578740228947631996e-01 5.273140565577583150e-02 5.135087652926041413e-01
8.534241899985980373e-01 1.869474606155392404e-01 8.807598575914313832e-01
5.114702552669383451e-01 9.386960576744914908e-01 6.638420335350753154e-01
8.997445254908309487e-02 3.404847102162721351e-01 1.079329173144288889e-01
3.135864273147704884e-01 5.021534488651002714e-02 5.241773007298765608e-01
8.224735875453469403e-01 3.095324930995676516e-01 3.531270055590370882e-01
8.869036207646392445e-01 1.762780606712511799e-01 7.358893760751666901e-01
6.792544298180374085e-01 5.150147379741354392e-01 1.588276270248597521e-01
8.500607458055839949e-01 1.497576058071118377e-01 3.534362312132403039e-01
9.619568682316981256e-02 8.199653347858861796e-01 9.315912729165259920e-01
3.399010354827426417e-01 1.181361664730338212e-01 2.164064382154923250e-01
8.854661815912662215e-01 3.324131839815147593e-01 5.433214021727668097e-01
1.795322947111940293e-01 5.032938672584993389e-01 8.206447448684910384e-01
6.689098668400809133e-01 5.466806229332535905e-01 6.070229475448492007e-01
2.029721044438625999e-01 9.250286657284518821e-01 9.975296968112226104e-01
2.416757005009050330e-01 9.779803689800514732e-01 3.365607588730523680e-01
1.540674209904754344e-01 8.875133805014092658e-01 4.145991885307959146e-01
7.231638931428843176e-01 4.308673288911677446e-01 6.760778374857638884e-01
3.320705821297600391e-01 6.180111684668492256e-01 7.261817166754894748e-01
5.156035515559873605e-01 7.795649499117422998e-01 8.619497447004690338e-01
3.047915310410168610e-01 1.776201256225061753e-01 7.985063384157746746e-01
6.843171876529555719e-01 2.374528169909277953e-01 8.365329714603410016e-01
6.692449098035174737e-01 6.116450508697489630e-01 7.427566831440393091e-01
7.475319276171401572e-01 4.617405771195539632e-01 8.854429779400317946e-01
8.808630520654565643e-01 7.823879478517599129e-01 9.230335840490452304e-01
4.565782164666337684e-01 3.200572256222520284e-01 4.120353366187496924e-01
4.724693122816547852e-02 5.910140119599062158e-01 9.232518854717912671e-01
8.162688122654937484e-02 2.481169565336962535e-01 3.189283629496016959e-01
4.102252086344293502e-04 5.973946040341894248e-01 2.566822209983812275e-01
6.951697063959824119e-01 1.598885049534561897e-01 7.778031066744884869e-01
3.185379322224171084e-01 9.010346724380048355e-01 3.590545294509158714e-01
6.199992519227133236e-01 1.824038263363264578e-01 4.798939844524711118e-01
6.574352437538713012e-01 4.142314610374046024e-01 7.744933240302617206e-01
3.880429892368465472e-01 8.816193425262534022e-01 7.009693755514497804e-01
6.987813954574807473e-01 6.437078171994136122e-01 2.243513843918228945e-01
4.811341935754656074e-01 1.511021346616466809e-01 7.922848911928846993e-01
3.756189895084474095e-01 8.418060795086296233e-01 9.818290631028077087e-01
4.868857961362408338e-01 7.012236098145210317e-01 5.913134593733975208e-01
7.546957163402645552e-01 5.041573208843700415e-01 2.067536674505903171e-01
8.816406392161251215e-01 6.870889650446782015e-01 4.384621845343701363e-01
1.142402504797849216e-01 4.028456634001151837e-01 7.718775136746510723e-01
1.466196805948555282e-01 1.755470629603026467e-01 3.712767415853310826e-01
6.051046392705861088e-01 7.928895895804382032e-01 6.876827447377040770e-01
5.003355072185742269e-01 7.969206525349648018e-01 2.694884211094394910e-02
6.344040359715552579e-02 9.029457236671217801e-01 4.279457516820489582e-01
1.152274163570884413e-01 2.347962758093179447e-01 7.630542330910731197e-01
1.493404097190775826e-01 9.226918095935680020e-01 9.045997435129022879e-01
4.698881682724453945e-02 5.237832154799435536e-01 3.111822540005682036e-02
2.048522348701983242e-01 8.658285967700786179e-01 3.090294146024474831e-02
2.588863268146484042e-01 2.320586101363568687e-01 2.774899164791403416e-01
7.998561958958719798e-01 6.901155841515016487e-02 4.048300257554667825e-01
2.513011590653776439e-01 8.194028458964675021e-02 6.671104213851597464e-01
9.418349724480424845e-01 6.870832446890066114e-01 9.205382243454707236e-01
2.468292066451321931e-01 9.481805870022421701e-01 4.345953745098520837e-01
1.490017102266942839e-01 4.136404321183511090e-01 4.430541417200001275e-01
2.564741045584740808e-01 4.466056778952999240e-01 1.357225571350781923e-01
7.951576230167703985e-01 2.997043326042869715e-02 6.465303279861843722e-01
2.636478324254966088e-01 6.993980958528213110e-01 8.434768123114873006e-01
2.250851698001591350e-01 4.746298205703682882e-01 6.468970150808708297e-01
2.524232793455404300e-01 8.159974845057742510e-01 3.493470947150959516e-01
6.747480040170202864e-01 4.511896704245964562e-01 7.018441164738667970e-01
2.142775476035135851e-01 2.910519553416757166e-02 5.951560009650886940e-01
2.510087342781105457e-01 9.849012553173430717e-01 7.909811236236314880e-01
1.658475565062822454e-03 6.893086747196989217e-01 8.305034159748293510e-01
9.868264939773768729e-01 1.352508987335117041e-01 3.540533423232584687e-01
8.533923370908305106e-01 9.039529828578490855e-01 3.616935833633116992e-02
9.938288559051167148e-01 5.498948492784524467e-01 8.346987864935906387e-01
1.265838851141276589e-02 5.490613918699001061e-01 5.720259444005636462e-01
5.426661345724609342e-01 5.728842695124325424e-02 3.403766640721158643e-01
9.544883831800922147e-01 7.861594990590277110e-01 9.572458582949985306e-01
1.215155713100446455e-01 3.426928644527316159e-02 2.446735266854074275e-01
4.654031905084359266e-01 1.083938259284004113e-01 5.138776736690536806e-01
4.881853271452241128e-01 5.993418255953643081e-01 9.518525226572505105e-02
7.636825352241883857e-01 1.063494023801832000e-01 9.316956292572278198e-01
8.154250328345007404e-01 3.357467826305967629e-01 6.278128893070288319e-01
3.612136158285207399e-01 3.852348345234998250e-01 9.711840375138875991e-01
7.197226238837053369e-01 6.088585854761335847e-01 7.299590903048124302e-01
8.181187799611993050e-01 1.048668777084483805e-01 6.782896952241613819e-01
8.265823869238498878e-01 4.900926508910871116e-01 1.837177430832973579e-01
2.208311538624122550e-01 3.037517704641178318e-01 2.375313002419384700e-01
5.846556276250719497e-01 2.835877525619253658e-01 6.151820139292030198e-02
1.178167980818176641e-01 4.719539271754210619e-01 7.948256084265061805e-01
8.803202574838934202e-01 3.559624412007329486e-01 8.018060541541063291e-01
9.394808403314195422e-01 5.465271245990500626e-01 4.563254361729858211e-01
8.528253436752041283e-01 1.587569341688200852e-01 9.186229778627352793e-02
2.960614779244462591e-01 2.712810256472653059e-02 6.124247932223576552e-01
8.149169937293001542e-01 4.364365352750909643e-02 5.912708668803303702e-01
4.796496321228382875e-01 7.221555841431961387e-01 5.967989792343634248e-01
1.155211045284209037e-01 1.206910180806430866e-01 4.790180887983817026e-01
6.634060095804309443e-01 1.966206415012436981e-01 6.691096600128207950e-01
4.104645726794100558e-01 9.506240175169256013e-01 3.258506043304599809e-01
3.789685990202503740e-01 9.137223939542743478e-01 8.187716365521666706e-01
8.092804340104303717e-01 3.690011246873806661e-01 7.104934898255532705e-02
8.037806023340966499e-01 3.064472137932194862e-02 1.142286766066458181e-02
5.857692727645440467e-01 4.085285167462202605e-01 4.159486725314619493e-01
5.568407560127086597e-02 4.118946209268602443e-01 5.352588849612466282e-01
5.693488006149937108e-01 5.692139269575512417e-01 5.458962695161448941e-01
6.361841581121494560e-01 8.133551636530872431e-01 3.858206753972660552e-01
4.796106778441050489e-01 8.451200235321288945e-01 5.521267056981634669e-01
5.718445095674576928e-01 5.258648844281061940e-01 9.837475372028392506e-01
1.998515438218245732e-01 4.449456731728366199e-01 2.299710082614105922e-01
9.482991484729453857e-01 3.899172427211694547e-02 2.008725954599192010e-01
9.824072009490266710e-01 8.221799945350483085e-01 9.286276869820218050e-01
1.504403490749309791e-01 4.206569103058616088e-01 6.790745705717569081e-01
9.770883146712048273e-01 4.444539422595403799e-01 3.088996492913286263e-01
3.668519434517908406e-01 4.143522614407534332e-01 2.162380730483359770e-03
8.862824935197810561e-01 8.289453941951323568e-01 8.206677503903455628e-01
2.674357618623668387e-01 4.596558177893097508e-01 4.807722118611722495e-01
1.994166890499843303e-01 1.482198720522576174e-03 3.843525746975545720e-01
8.861876285704409772e-01 6.496328158818619469e-01 5.831096807040525576e-03
5.408408808381146571e-01 2.863771697073662637e-01 4.867207495772423176e-01
4.693010202479344084e-01 7.768856135417412379e-01 5.257853065210094101e-03
1.714603609055832534e-01 1.065846058616484182e-01 1.381189597328972285e-01
7.479385745771660599e-02 2.289363633960104227e-01 6.605960401832025042e-01
2.722031497718494508e-01 1.178379624960125271e-01 9.019561631122882117e-01
5.748253643751140007e-01 1.329486301459688047e-01 5.211697513035881135e-01
8.160633570806646864e-01 9.861730688021469460e-01 4.998805437094078208e-01
6.065940577088704266e-01 5.321514343568848338e-01 7.812070861655717735e-02
3.927921521656431159e-01 9.823925497525405337e-01 9.361054522956602231e-02
9.461397981896221276e-01 1.626094927125170120e-01 6.228786592606960770e-01
6.374258122809450811e-03 1.555247390845699851e-01 7.526172241840947130e-01
4.679906186052986694e-01 1.264932203236117658e-01 5.120914868052212077e-01
2.520992525650078697e-02 3.386653524512066582e-01 4.791534186071012558e-01
5.993373460693381949e-01 3.046698665755737112e-01 6.133249550563403263e-01
8.880190177366875659e-01 1.013231283515902970e-02 4.300922068107616569e-01
1.295653674120317289e-01 2.669573407688466959e-01 4.885948844599949936e-01
3.226380468126910372e-02 1.621215109203790750e-01 2.420434555218015094e-01
6.818788095948735695e-01 4.787233426746985154e-01 3.007882692754195730e-01
7.522222883091039813e-01 1.882788519071805222e-01 4.914942779860274058e-01
9.224759743554273861e-01 5.167021997274322542e-01 2.842068335305378834e-01
1.583282962140241112e-01 2.191201941982520163e-01 3.372063809816920887e-01
4.861889603965792173e-01 4.409549380707407096e-01 6.687553262394609899e-01
9.881261724976780902e-01 2.517620585724804627e-01 6.998234241503733521e-01
6.800694879126151227e-01 6.778438739294377902e-01 5.175987011757179346e-01
1.097912901551363341e-01 1.337067943349201649e-01 6.302827832324723323e-01
1.772068570669927956e-01 2.882509280570381138e-01 2.397512916686127538e-01
7.041629900896750893e-02 6.913713808866661648e-01 1.917540177327607953e-01
2.995984713620398754e-01 8.205060905121686066e-01 6.996042448348405163e-01
7.808104047385332480e-01 7.653484751732919644e-01 9.545006426147457645e-01
9.854077605554174557e-01 8.251055241143825381e-01 6.201916945786578594e-01
1.492509917854223378e-01 7.820838489920057812e-01 6.703133413598622026e-01
6.185818781594757398e-01 1.943846615009947598e-01 8.289379107897110188e-02
9.988094280159336424e-01 7.356122264610642780e-02 2.152482082363000870e-01
4.080369110366007801e-01 7.166440440691091984e-01 9.737817459709724455e-01
9.188048684233338648e-01 9.470528979728015662e-01 8.027814455357729084e-02
1.838241929606544423e-01 6.689430340575704959e-01 9.774091977453314151e-01
1.627043560637332353e-01 9.820090444914578720e-01 3.832326022841030522e-01
6.093533893370928212e-01 6.379086285789092869e-03 1.369763493142055477e-01
1.595805791924204131e-01 7.658514083575466147e-01 1.654631763442553360e-01
5.389605034771451919e-01 9.850272046679563465e-01 5.851739256564971736e-01
9.733295643893485893e-01 2.051305307541884115e-02 6.054729938795343491e-01
1.560491114942462731e-01 3.316832908704364646e-01 9.046825681097184768e-01
9.939098775141786968e-01 6.865858793814743066e-01 9.937667615910589225e-01
1.245689899905647602e-01 6.741623052345214751e-01 2.293306025024510753e-01
8.756552725376590685e-01 3.763278198832813448e-01 9.786546602413792595e-01
5.479630906744632490e-01 2.458854367171803279e-02 7.659845258934661061e-01
9.931670913505409315e-01 5.334235822849852093e-01 8.290014026852399187e-01
4.556278736366744520e-01 8.614168709495250154e-01 9.362847152301746467e-01
2.973287421218263615e-01 1.919886367461357546e-01 3.673277485831547562e-01
5.243089800046675242e-01 2.630492123779413216e-01 7.120717742291187147e-01
2.562165843136517962e-01 6.916068171591375213e-01 2.555679192381844489e-01
8.570169989274034616e-01 3.373153844584761973e-01 8.557917152420101425e-01
1.957141069310515125e-01 1.730130745126522429e-01 2.329172051796409848e-01
9.189146125852654112e-01 8.706912746267275738e-01 4.246835038725630396e-01
2.089828723988287340e-01 4.139616354352848582e-02 8.179700474817721556e-01
2.278061984773682713e-02 8.149405266983199558e-01 6.682682226041717355e-01
7.128356199463276033e-01 3.849579151696127521e-01 4.141555755345773804e-01
7.840881119021807510e-01 6.649281140904294007e-01 9.257884169481631620e-01
5.174840196968991668e-01 7.115662484782349084e-01 5.274770841712753677e-01
7.098689176394225031e-01 8.477297403028624112e-01 1.142540950320525273e-02
8.110527541515406558e-01 5.756638670397824509e-01 2.372458066278064770e-01
2.159887692582325158e-01 1.639706285037224598e-01 7.233796659869295986e-02
7.862985297260038919e-03 1.969542891138255092e-01 7.423428824651545632e-02
1.599193272168604185e-01 6.500534008840660460e-01 1.142032616155235214e-01
4.173323207118052602e-01 5.805927725371936576e-01 6.522457954360946220e-01
5.871456701482201668e-01 2.681928048134304410e-01 7.465096904372450215e-01
8.466696055358355899e-01 6.150281958643227798e-01 1.240586422977534298e-01
3.354734282114472110e-01 1.704442423328507150e-01 3.196310676548688168e-01
9.683833705852313845e-01 1.886050817869839857e-01 6.725779770231298249e-01
4.189325180858851638e-01 5.299287004905210985e-01 4.939399213261908006e-02
7.623586052235651334e-01 1.150407273649624029e-01 3.925201609606873143e-01
1.281596555955147876e-01 8.587394820132563389e-01 6.938892814120021235e-01
3.888663385995692057e-01 2.566107994487581978e-01 7.531673020908261629e-01
2.313993431295897629e-01 3.424187430892077222e-01 1.886020238944434713e-01
3.934800808140871409e-01 9.154485970364067970e-02 2.663117696415349123e-01
6.350258396359808044e-01 7.084838052199835534e-01 4.297293768258469981e-01
6.200716122858525026e-01 1.937163891487402312e-01 8.980062999241141819e-01
6.822687186805542758e-02 6.732883294345424208e-01 1.671560171242560955e-01
5.248899693914377274e-02 6.074161197694097902e-01 2.387988311273966380e-01
3.110676229417027594e-01 9.015589142300668435e-01 8.813890495553357018e-01
2.340479374009560853e-01 8.931724879170505060e-01 2.277138505581238759e-01
6.279552161123949094e-01 2.058435981515354118e-01 2.569710034188303904e-01
8.936092061304815592e-01 5.147399458337518219e-01 4.427787152504188972e-01
5.781445836068289656e-01 4.931315512054189609e-01 6.405175912651722703e-01
8.348880465300987375e-01 8.858539717228574029e-01 4.576838776110679907e-01
3.482317798256474584e-01 7.062334200547731866e-01 6.732391216726761884e-01
6.576733728851954508e-01 4.766176164046186381e-01 9.234572727152697835e-01
2.249613263592425971e-01 5.623541060736599873e-01 1.205795345005008512e-01
4.803080171853985059e-01 5.075200379046698185e-01 2.716257231327421362e-01
2.878277394353473406e-01 3.449061061052147714e-01 5.286741777451339219e-01
3.774621351019824544e-02 7.804046555203015822e-01 2.447056885082221633e-01
3.808884029767543034e-01 3.183777130271330247e-01 9.159156596845620113e-01
1.142077953120915756e-01 1.734907995577926743e-01 8.970857465865521574e-01
5.011370141319391180e-01 8.921367121297126834e-01 4.261004534257761822e-01
5.312013507226398534e-02 5.395999943897307194e-01 4.199859107584085205e-01
4.353397343280487330e-01 6.130072121272404084e-01 9.003221356860175995e-01
6.820919189983003506e-01 2.225042395072956980e-01 9.193187097291904974e-01
4.196263924410132962e-01 6.303343481590105712e-01 2.602039724584496172e-01
7.029476483412789856e-01 6.039733021184777728e-01 1.161498954071001899e-01
7.120904326701725795e-01 9.258135225907461185e-01 7.090457623772005169e-01
2.489247424794731600e-01 6.890998952557616519e-01 3.361641560113920457e-01
6.108737972324058685e-01 1.283774971367546147e-01 4.532802358902854323e-03
5.456056079509138401e-01 5.915860760004434393e-01 5.221320113641649829e-01
7.550050144910798178e-01 5.611862362811931293e-01 9.548413093153671483e-01
8.871502286323430519e-01 9.346167131065863387e-02 1.844439153020838162e-01
9.923019853578007865e-02 2.197497004216142358e-02 1.253083128581197192e-01
6.069537970686215145e-01 8.268403994790934908e-01 5.608579338670708347e-01
5.009997531110026436e-01 4.672918318468137766e-01 3.277090401661154617e-01
9.515587617431369161e-01 8.940941909841781943e-02 7.019056304423433312e-01
9.279619976854825980e-01 1.104764104635318489e-01 5.003196594058355595e-01
3.982438726112241811e-01 7.540987535374541473e-01 1.894556465701415782e-01
9.242496260295860466e-01 8.510638047807873585e-01 9.189331023160861589e-01
6.290131143683242998e-01 1.248554980196358022e-01 1.850774358058980829e-01
4.384077540540156637e-01 5.902808577012721436e-01 5.987145886850708809e-01
5.410169393468085008e-01 7.743020448391552124e-01 4.298620594795808936e-01
9.147785061970892251e-02 8.289762928803456887e-02 8.105442908621440790e-02
4.773781212079527547e-01 8.171327563800465654e-01 7.518325793528195522e-01
3.834432108353994506e-01 6.690899019829225081e-01 4.188060879249893009e-01
2.341849409237749535e-01 4.142782429103298858e-01 3.504616688154664761e-01
8.295555996222933048e-01 5.464537750260289872e-02 9.978007195712035315e-02
8.697398545356149757e-01 1.504171805672229745e-01 3.499942032000538106e-01
6.293130307914144295e-01 9.799172155122700678e-01 3.160298285001463814e-01
3.943818572656950794e-01 7.675901239435229950e-01 5.567776706396528885e-01
2.290483266195457723e-01 1.149747863694302596e-01 2.313268161458935657e-01
2.826581864473218797e-01 8.739938986885411598e-01 9.274757537232865001e-01
7.972171512888671652e-01 5.375916301896334071e-01 8.261554246263542733e-01
3.926830318671059583e-01 3.897905903121750004e-01 2.652664131351480936e-01
7.734395917449973235e-01 5.256268035173682351e-01 3.811856736033983895e-01
4.463853576666443335e-01 6.341499032730597563e-01 8.803719769086504332e-02
9.960264822445173971e-01 8.280946854521542555e-02 4.816096664518076942e-02
7.963994348279034297e-01 2.972847393611744993e-01 3.728533783461186468e-01
9.348564343547649536e-01 9.630124290768138362e-02 9.537390739130343631e-01
3.215830799157548547e-01 1.929065508195365597e-01 7.060058451837468718e-01
1.816551454884947070e-01 7.491989049619307561e-01 2.288143776352953296e-01
8.951319963860846496e-01 3.963942056339175846e-01 2.498853498483490920e-01
9.335532633991402429e-01 4.590346144515227156e-01 7.766195242613447292e-01
5.852260989714415107e-01 3.672310854979391470e-01 8.226317839779176966e-01
6.235902964638344592e-01 3.522681194796259962e-01 6.590898337108610505e-01
5.848390859139750431e-01 6.977594382403335960e-01 5.800457582171306692e-01
6.089746650028616815e-01 4.049917469178699880e-01 5.860347986468333881e-01
7.740787265193919131e-01 5.133159002402490900e-01 8.277986450236847205e-01
9.339910200695297204e-01 6.742184881329148505e-01 7.449973844497971287e-01
7.117867497202307048e-01 7.032211347566237336e-01 9.477702079885252928e-01
6.233550189593598523e-01 4.558112038272199573e-02 9.967330574837971469e-01
7.944475168451565761e-01 3.519829950652214601e-01 1.039389304654451118e-01
4.624860186246061433e-01 2.457893594960951500e-01 2.892808255803959172e-01
4.001061376042258644e-02 1.808662224362166393e-01 5.327063871478210366e-01
1.308274672789730975e-01 5.324790903684990528e-01 6.338743322749509357e-01
9.864027576377798479e-01 6.602927801873825775e-01 9.720461117151668606e-01
3.750085100344016098e-01 4.060217430713711773e-01 4.250885740816188196e-01
1.637850170674963746e-01 9.550164433273117259e-01 4.939303361591621533e-01
7.912692141108969013e-01 5.644748744384685546e-01 1.517874965315176850e-01
8.539709875914617276e-01 8.285305453482261218e-01 6.438895001557066733e-01
5.063431046491156939e-01 8.762049857339428982e-01 4.519766033941746697e-01
6.964266698798924349e-01 2.411381929671810864e-01 1.883946845033896977e-01
1.273511951102905826e-01 8.476249246031640761e-01 4.304894644438844731e-01
2.285970578641715045e-01 9.939506117516339057e-02 7.937943651552442637e-01
3.468881213465466740e-01 4.527950777837006502e-01 6.561288032538394877e-01
4.105875153189142424e-02 6.318373269383563695e-01 7.601951012724430523e-01
8.036679039111402911e-01 1.369942264197518966e-01 4.574443637378681204e-01
3.624485963160024582e-01 2.516046061664076738e-01 3.241204245123668892e-01
6.921930594856466890e-01 1.082712247193238220e-01 5.480906462268666512e-01
1.447430205137316683e-01 5.132377738086102426e-02 8.980794152807688446e-01
1.527873513998427857e-01 8.587062271363555821e-01 6.808624092070352241e-01
6.743007058168664081e-01 5.995949659098764872e-01 2.679351050636684661e-01
9.877553586540999131e-02 5.337059145863735088e-01 1.602994208697716694e-01
2.178258833771882230e-01 5.617577447427458681e-01 2.226933444900092152e-02
9.759625604521779962e-01 2.040329960768892947e-01 9.401378336575461070e-02
7.019070940788644242e-01 6.060683842204087624e-01 3.241246803943884647e-01
9.929492835890725289e-01 9.015546365640267901e-01 3.817780392190609495e-01
2.907228672388443291e-01 8.806958191927783952e-01 9.983544573923087695e-01
9.514414594121968216e-01 1.958132494973214843e-01 4.480052964846326091e-03
5.345777630238692790e-01 1.909032279690484613e-01 9.413463221654213564e-01
2.008478785195768612e-01 6.174909318253838375e-01 7.032340311464135851e-02
6.896778970520482943e-01 2.547114615886078015e-01 6.132359177371498049e-01
8.431012790493563891e-01 2.867722348098250551e-01 6.820196016655517557e-01
3.546999956906696783e-01 6.258916110687985368e-01 4.472005407644474850e-03
2.548176200700602578e-01 5.420814477059200387e-01 8.866560021118542467e-01
5.288060602631872165e-03 6.156596200380072270e-01 4.866246213882615690e-01
8.005653380336029690e-01 4.031057420901176247e-01 5.452645613345172837e-01
5.024899993195107717e-01 6.706789933380159496e-01 6.594417058967911860e-01
4.577600339993381784e-02 8.991422557070929411e-01 8.337507550351332952e-01
3.629187586022937229e-01 8.710845000342390954e-01 7.205453426577068665e-01
2.458805408512895196e-01 2.759791818065188140e-01 4.356520736588731513e-01
1.591615737589050505e-01 3.687367458626216177e-01 5.739514876733213811e-01
6.575968308360583547e-01 9.781390133606182591e-01 2.573641311510599383e-02
9.911571788964749219e-01 9.966468027132828755e-01 2.035691944227502326e-01
5.960181417597854026e-02 1.798921935759645319e-02 9.592685385631883888e-01
2.225548176456193517e-02 8.023405962385004031e-01 5.316711652637939878e-01
2.632660834825724105e-01 7.843983688621429806e-01 7.989621350629193541e-01
5.702339424672566714e-01 7.709013773719883833e-01 8.550625621658691777e-02
6.143669491012250239e-01 2.132583533182291768e-01 9.715422802480666586e-01
4.069478002764828073e-01 2.473383376534280531e-01 4.664811674173712230e-01
6.053592305615695945e-01 6.457360601208040896e-01 5.806548853111148656e-02
9.631514954633908498e-01 4.639621907933689782e-01 5.461675700037362802e-01
9.385620685443006872e-01 3.888651793203785623e-01 4.916778786510087595e-01
5.217054340144547941e-01 5.671054802402594186e-01 7.118904155873029271e-01
5.298441359243720727e-01 5.023855092407166767e-01 6.979647586629349476e-01
4.901652128821532006e-02 7.602798307715888937e-01 3.794261099832267892e-01
4.514501382228879311e-01 5.178222671488519335e-01 9.477538103919923573e-01
6.136792417209134820e-01 5.635031674471053798e-01 8.259303682659132617e-01
6.171241339889776967e-02 8.557014968626264206e-02 4.611896901723222530e-02
5.552521609737142150e-01 4.375439136641038340e-01 6.333342173442654266e-01
1.601853274021189932e-01 7.989257988954877598e-01 9.225035155132272902e-01
2.172537752337011518e-01 4.494487503718017640e-01 3.903700693846682279e-01
1.693872545301067234e-03 1.152370261827784237e-02 8.266744236137576474e-01
5.679091338746190543e-01 9.245313789309705932e-01 4.333260155846001549e-01
4.936391700585953668e-01 9.024916804815239502e-01 6.158344251312678486e-01
1.848796258505774892e-01 1.970150102309943252e-01 3.990810893356915301e-01
9.757048538920536362e-01 7.726371794517039593e-01 5.720285340768620497e-01
6.848133271816582157e-01 2.810062111435216448e-01 7.498127951460311635e-01
1.507214511096690579e-01 8.710656401962429962e-01 1.802139531086127677e-01
4.026098395781737560e-01 3.141575986762663586e-01 8.027646763368523342e-01
8.214057454145654580e-01 1.093243297522709101e-01 8.623504110934412381e-01
2.050333269699603500e-01 3.061339919560360778e-01 5.639379074199672992e-01
4.960824291235923500e-01 5.816663572507076996e-01 5.936560292876570388e-01
7.452424507010472210e-01 9.817914568953096666e-01 1.051350096480403451e-01
1.901944445270010720e-01 9.750526400103275426e-01 6.764311332607561011e-01
5.223093839613640599e-01 4.965531985021527372e-01 3.954935438557098948e-01
9.951043091368086957e-01 7.695104809953010605e-01 3.481958874753132704e-01
8.713764747339236560e-02 1.966184987730751343e-01 1.280472424354650585e-02
8.266352114454170730e-01 1.004726542547107471e-02 1.528204225862446197e-01
6.922584361002523945e-01 1.232359464362500212e-01 7.111562246533877918e-01
8.190425719549190298e-01 2.404022603773644517e-01 6.178546504984326893e-01
1.407923579465444330e-01 5.086466236098580174e-01 6.621301715861558357e-01
6.388144193141460647e-01 7.130274683590959173e-01 5.947885180253544846e-01
1.572235971112235786e-01 9.859540161731084051e-01 4.627977179672302377e-01
4.000878557238135569e-01 3.131756209306213457e-02 7.556971283711780840e-01
9.400759420353392848e-01 4.011433202552888710e-01 4.823453483343677073e-01
3.762949549356833234e-01 4.354330565510741158e-01 8.412055066010607485e-01
6.130985508770094849e-01 9.507026152582300771e-01 1.146461311351443246e-02
8.832077703452896333e-01 4.940961963835409643e-01 6.951052253336457154e-01
5.867067380604956695e-01 9.245428374490983758e-01 8.327266682824232547e-01
5.899922887788671133e-01 9.929635299579432361e-01 3.871898865891738595e-01
6.679984595907347833e-01 9.314968188264293181e-01 2.585107848093726179e-01
8.377621833464872214e-01 4.349526495130612291e-01 6.040425779394652528e-01
2.618686386381857689e-01 8.558639431039384293e-01 5.744331498061461261e-02
7.583099707910948561e-01 8.919882195774708755e-01 8.023797328336426116e-01
6.105279915149619541e-02 9.050964847678559799e-01 2.927184483550820948e-01
7.223101785949093134e-03 2.795629542964602754e-01 4.398077148050556495e-01
3.204768032090179464e-01 6.551494258894230427e-03 4.695526002922180142e-01
4.842016010918203106e-01 9.690307852106339048e-01 5.834421266956534291e-01
3.568105305902240509e-01 1.535673712009012482e-01 4.069613512028158464e-02
9.890252322423231934e-02 7.242076269632506946e-01 3.493987046374207317e-01
5.467627058453894406e-02 3.110181011783057503e-01 6.658604378445485139e-01
5.283899491909583856e-01 5.806348954439521926e-01 2.493003018057438069e-02
4.689116772308599135e-01 3.377790800074453870e-02 4.753089718517532480e-01
1.745593592930887450e-01 8.257148413049012481e-01 6.760186598710535844e-01
8.378295290505577420e-02 8.314375051867218813e-01 9.387857306544531433e-01
2.642343750183987483e-01 9.073608673318875883e-01 2.713500098327233934e-01
5.478471473203304631e-01 1.913100942298039397e-01 5.469247444113386480e-01
9.025216749605725619e-01 7.040575170184437681e-01 6.898358834053441857e-02
3.661728916587946303e-01 9.578697104907824000e-01 8.133896569654397446e-02
8.047490658616570647e-01 7.151268016320867504e-01 7.647384874193260407e-01
6.382945105241010220e-01 7.638863788253222875e-01 3.713177788310113581e-01
3.013701755174537089e-01 6.792589450907039472e-01 1.076386749010715960e-02
3.186476697978092298e-01 5.462062335699083837e-01 2.338818049523110343e-01
1.295598428251790724e-01 5.609698085316652261e-01 1.597314508303310232e-01
5.012228543979747597e-01 8.468610507150253763e-02 1.387156999080948472e-01
5.594045214684915113e-01 2.020181291422679104e-01 8.431470214228125037e-01
6.092116674223596595e-01 8.763388752933970460e-01 2.537469661054778669e-01
6.457588974709833618e-01 9.125406500912999208e-01 2.836948489043441546e-01
4.234185448533676066e-01 4.661794190435790686e-01 8.527691897545001121e-01
2.762117848328091707e-01 6.072570166500963484e-01 7.066899548596150549e-01
9.040045708886639275e-01 8.492370942333525852e-01 5.812066871668764012e-01
7.042608232853931893e-01 1.136150615482515169e-01 6.701419171627458482e-01
8.864141046683488012e-01 4.182178045799680444e-01 2.495888041947558200e-02
6.536037776998162574e-01 6.820115968245686888e-01 8.632907854881487486e-01
2.190503992116724641e-01 2.296189108741613083e-01 2.238000689840929924e-01
2.842627206791898953e-01 4.926693070155114818e-01 3.105987368071404520e-01
8.638935350524680201e-01 9.329281303039476114e-01 9.421900447920178445e-01
3.168832160371161111e-01 4.636714655723239709e-03 8.869716005202066267e-02
7.297961386797212624e-01 6.481552813561813897e-01 1.895775264952990202e-01
1.144203061032275093e-01 7.236369604729179228e-01 4.771548493282963266e-01
2.174072649904531529e-01 4.414373042044218431e-01 3.722122553596615147e-01
8.331383737538210488e-01 9.685588807083097551e-01 3.605697659137548916e-01
9.422477464886290788e-01 4.376003464045017388e-01 4.449842961977139577e-01
6.529253498210030315e-01 1.802093704018852272e-01 6.875654555633592402e-02
9.013725229386222448e-01 9.751194481384449775e-01 9.887325980067104281e-01
4.568030617497452761e-01 6.294497039743032207e-01 2.057122886968549835e-01
2.597810251668545289e-01 6.741694249819908391e-01 9.379769521144132316e-02
7.543624700983863063e-01 2.567149784912797772e-01 6.946353926426754866e-01
3.559900113973237801e-01 6.836981988359623896e-01 4.558664022384336656e-01
2.014282626187113845e-01 9.870709601994583915e-01 5.059105665016394582e-02
5.558120161355740718e-01 8.792171998196619542e-01 9.820422860244172325e-01
9.888795086212773811e-01 7.041523127823279271e-01 5.838792048817370572e-01
8.865624596783125977e-01 5.722125664753283658e-01 4.451205659568369111e-02
6.202283478873775735e-01 7.184581388522955914e-01 2.274069622444468974e-01
7.659981472097635580e-01 6.004239625707731287e-01 4.112737327287293576e-01
4.746117226639164910e-01 1.737181488677386199e-02 1.082803412829003165e-02
7.675831848512637556e-01 3.032034926251602203e-01 5.975793995006188908e-01
5.490261683202033449e-01 1.426328511125296572e-01 9.845908315114729747e-01
7.752376661998259255e-01 8.428342578358838377e-01 1.696010174658381109e-01
1.075571208756553876e-01 8.888908208284078682e-01 2.328177831398483555e-01
1.843222113290403641e-01 4.138206625044887899e-01 2.921612612646248275e-01
1.278770848002449556e-01 5.449517065905561397e-01 5.666743636369053760e-01
1.894058867734059737e-01 2.701799425613238270e-02 4.341201339380328372e-01
1.758928738980977124e-01 8.905720707363220523e-01 7.867467778474676043e-01
5.571696362498518296e-01 8.390411827806787404e-02 8.852216782948124640e-01
6.022677323511880232e-01 4.235934433728005821e-02 1.731682993062869658e-01
8.248797360775146359e-01 2.430897724759639722e-01 5.976166140833338858e-01
9.618983229931649115e-01 6.716987504067774006e-01 2.071076466605235034e-01
8.238656973474434153e-02 8.170252076505121197e-01 9.038060282447908378e-01
2.800816275140037837e-01 3.370865665220568186e-01 8.181223528128120925e-01
3.164953439658880763e-01 8.358547268283337273e-01 3.655726064206641368e-01
3.982147023485765880e-01 6.753735656572116275e-01 3.196898562928407461e-01
3.248691617061615355e-01 7.962464065351587683e-01 1.578093363059596133e-02
7.693626097076240455e-01 2.553981713978765722e-01 8.464367550704041676e-01
3.719984225324411975e-01 7.489198408587766087e-01 5.650045682684257109e-02
1.738650703319399859e-02 4.981711851914986111e-01 9.177145326247162505e-01
5.346538810201569847e-01 3.533598519066186716e-01 8.122270560900693992e-01
7.741165660110409519e-01 4.414350288684886214e-01 1.031539612370984127e-01
9.042465496138063497e-02 1.649433087216134464e-02 6.572123321323292133e-01
9.462826719790424779e-01 5.817420523197115445e-01 3.716299218607491683e-01
5.129547694274921854e-01 8.239856450523030951e-02 9.111946673189939006e-01
4.381898151685263976e-01 3.328784687286079347e-01 9.863924174977276582e-01
7.705508566297784023e-01 4.412131576233310204e-01 8.852155977188395086e-01
1.911054825901009613e-01 3.087456531416035155e-01 3.438984259251882669e-01
8.674086368745584918e-01 4.291463474852387217e-01 7.123333491363055270e-01
7.452071015462157222e-01 9.022528109164469345e-01 3.773602411272569679e-02
2.196889112736966077e-01 8.314417594845785464e-01 6.277634595374929072e-01
2.957255755061639624e-01 9.182927040047842437e-01 2.253162450097571101e-01
1.186534918002635219e-01 8.035198427187409953e-01 7.301027584004908810e-01
2.554413161092389251e-01 6.492259311066863603e-01 9.867586131526344673e-01
9.719189634373449627e-01 5.927211252136582731e-01 4.569485699795394762e-01
6.194574900385153571e-01 5.070137920003878751e-01 7.079162623772516927e-01
5.007265263195684879e-01 5.469040950132230128e-01 2.119549495231919378e-01
8.396433246243099058e-01 4.954831144825887490e-01 8.359779161477307596e-01
4.058635788561807400e-01 8.298646286146362794e-01 4.054807291366907540e-01
7.803102609875818274e-01 1.358459422959336083e-01 7.886094841617093953e-01
9.226826642100812714e-01 7.949940675087374675e-02 2.661354725498036311e-01
6.818821433883149874e-01 8.762981808196432798e-01 4.708082382733587146e-01
1.772326138454027866e-01 2.024944808793283091e-01 8.800993327850274994e-01
3.849087216769885300e-01 5.444749586191278690e-01 4.630346644764098407e-01
5.839013575576356141e-01 2.536021932219068020e-01 9.085380185971414502e-01
1.293936831507885854e-01 1.277574293532368621e-02 5.213750297837462799e-01
7.651948258762494293e-01 5.493369142693854679e-01 1.151758631660333432e-01
7.668397991219177978e-01 8.857353764857008871e-01 6.856266670488956327e-01
7.771277294755890575e-01 2.737765634078556110e-01 6.249313714757888105e-01
3.522964257802408961e-01 6.095912438591581939e-01 8.986790688701898899e-01
9.173860452926276832e-01 9.819993776761304360e-02 4.830876719121495189e-01
9.587746183239961306e-01 9.435853219671698211e-01 2.394739548066890933e-01
2.797287472142800935e-01 9.563538624356803242e-01 5.361508104063017477e-02
2.508425111041895361e-01 5.277556030953531874e-01 7.479228643446774738e-01
9.176411410337335095e-01 6.589159226411007708e-01 4.017309665476047620e-01
1.441244019747555116e-01 3.558992375894307614e-01 4.017223159403049415e-01
8.378364401243795223e-01 6.564440339866195462e-01 7.757647894573587166e-01
5.076675433062273202e-01 2.107667019414273257e-01 4.595161224428223612e-01
6.615009764289687677e-01 3.451703835220787386e-02 2.831902014975836712e-01
8.305759114113664410e-02 8.969898355046561633e-01 5.691229991719484183e-01
5.070948404785093899e-01 4.329577486809581544e-01 4.975080444164626803e-01
5.134646421230648627e-02 5.390221696810888474e-01 6.686685963861547233e-01
4.531390915291236832e-01 6.315726971323550876e-01 1.573516486163252237e-01
4.305561631914898157e-01 9.375789469078288363e-02 2.634183866566827126e-01
4.968315822348511324e-01 4.193558938610123521e-01 9.433672752035774378e-01
6.820294419773662575e-01 3.565624798385642613e-01 9.633111892208714444e-01
5.022196420074854784e-01 8.908090845951806003e-01 8.979808350729500122e-01
5.230051179344141765e-01 6.398479130916545632e-01 4.532251218935517967e-01
3.554678509743103287e-02 1.229084568338828509e-01 2.766781926682603254e-01
6.324335231635972443e-01 3.157720689594553098e-01 3.966010159471033969e-02
4.011080229438568345e-02 7.215075729905601198e-01 4.732092216677726837e-01
2.063142309953858167e-01 3.369384915852438045e-01 3.621812456320342433e-01
8.601425292733271277e-01 9.354993460551221940e-01 5.875792608756220670e-01
8.084975545080600456e-01 7.193582591721560116e-01 3.691671666474616309e-02
1.215578782352110254e-01 2.123441133652717028e-01 5.534838334761660317e-02
3.558486202952337862e-01 2.466036865786074284e-01 9.075660619727812239e-01
3.240886899195931647e-01 2.392547586698734463e-01 8.454234461062350992e-01
5.003616670228981933e-01 2.549074877892042457e-01 1.340985756968774423e-01
6.518657324923026186e-01 9.868646574448005637e-01 8.519371046214924137e-01
9.241867022762426664e-01 8.801038476977650626e-01 8.084563330038212481e-01
8.118853309848131916e-01 9.429680473409096653e-01 6.761611396945140795e-01
5.241960999278916233e-02 7.196828051779513569e-01 7.705645113221725184e-01
6.838916443055975680e-01 5.288887987401935664e-02 7.911017252623845364e-01
1.901896867657990597e-01 3.495034577282571941e-01 6.044496238957056677e-01
1.144704247073039527e-01 5.842763525167770089e-01 6.329172826467827084e-01
9.757276727848205322e-01 2.032635255040557976e-01 8.003738663780134432e-01
1.935993933672319756e-01 6.993999207095664694e-01 3.330635696738617479e-01
3.801852667120615425e-01 4.067847460317944863e-01 9.460961193071451003e-01
8.939368933028850606e-01 6.722921562465173917e-01 2.759456329204492686e-01
5.381584929903193704e-02 7.009280199450493853e-01 6.508751299127646384e-03
1.650151332884657318e-01 6.748363262203277424e-01 8.793021863290229057e-03
7.365181371516060782e-02 8.212919044008337721e-04 5.853114673676252933e-01
2.265474889652009383e-01 5.093554298487870113e-01 8.265326107914501286e-01
3.030426854398402536e-01 9.098341546202167729e-01 7.981351607406750315e-01
6.532739998827920003e-01 3.409934712862986439e-01 8.452511483639517653e-01
3.841848652221147020e-03 8.738005090976813660e-01 4.784481730078318229e-01
7.000223316618436886e-02 4.232176021410043454e-01 4.124773262980986344e-01
3.831385014837116465e-01 2.126552816890608932e-01 9.497863507543363726e-01
5.015519793656434411e-01 2.497288208240237006e-01 1.100252384756491564e-01
5.523080763379234481e-01 3.388107391358876619e-01 1.501451529626529613e-02
5.731460947476347823e-01 9.164487189200081207e-01 1.808651946631916196e-01
3.452973040461997378e-01 8.233185908170069789e-01 5.722069170933324900e-01
7.388205832748688806e-01 1.587035978291185812e-01 6.941213739485110334e-01
4.119910030505963272e-01 9.638362914749156740e-01 2.254654245013160141e-01
9.728261282781663910e-01 1.780983061637007037e-01 6.409567065392944851e-01
1.418956455583400000e-01 3.244464599144295525e-01 8.810697395339591731e-01
2.103949412278912634e-01 5.328920931060843191e-02 1.078788582256084982e-02
5.374967367365760529e-01 7.462515146959094459e-01 6.841973707036413943e-01
5.060441292992616802e-01 8.107176233059338877e-01 7.062789347294063935e-01
6.841297937657342398e-02 5.322992535317140339e-01 9.034082191047353438e-01
7.834920163138555660e-01 2.874726199374554314e-01 8.045651164313095682e-01
5.688146926981688667e-01 6.222589415022674597e-01 4.836298637842660897e-01
4.717801675387600646e-02 8.671398875349027868e-01 6.304688267710494287e-01
6.283524725662550381e-01 4.432903614182865937e-01 9.319534322925858705e-01
7.050461744652640750e-01 8.590719696762117996e-01 5.259722740197634305e-01
5.580630120897669411e-01 4.576568384516532806e-02 7.214886415798541508e-01
2.452533740898347192e-01 4.806546997136669219e-01 8.359651411677849753e-01
7.582064325276343109e-01 1.644520593116235441e-01 1.965181124559948200e-01
4.340875781177788717e-01 2.868700097430479934e-01 9.813243905089480412e-01
9.961023757574596349e-01 1.353677193286141334e-01 1.428794586175803349e-01
2.497198863078639031e-01 1.839968275694325861e-02 3.991089306013512195e-01
8.440994562962333969e-01 6.131899771039344138e-01 2.979896057095927642e-01
1.858847236828451432e-01 8.459332165872384124e-01 9.124954867868475539e-01
9.671641740308395407e-01 5.097368320649335871e-01 7.094165115813255706e-01
6.096964250284953035e-02 1.267960514737898059e-01 7.448147151702645408e-01
3.949181816742419748e-02 9.600494028052845019e-01 3.876938775809052329e-01
4.368833560964259233e-01 7.416467792761006761e-01 5.373644702174118493e-01
8.312636055130528945e-01 2.708085592991884560e-01 5.950213723643791308e-01
7.472089107944202002e-01 5.070940974420496961e-01 1.772318595211578307e-01
1.956151871243235751e-01 3.452394352619425621e-01 3.404082733923419202e-02
7.252161637696230567e-01 5.208323575256726956e-01 2.618734935910632666e-01
4.910292977904581191e-01 1.560506827557518461e-01 8.971553067551248928e-01
9.723867552235553324e-01 3.485734016219954601e-02 1.151568701291647567e-01
9.736621067636435090e-01 4.679222025266134288e-01 7.679014614944426054e-01
1.650883289566624779e-01 2.990910944358944334e-01 5.696039875763878602e-01
7.732260600625692204e-01 1.687399137427399998e-01 9.643134886393385230e-01
7.891714284594724127e-01 1.402890674512080604e-02 3.734373825863608332e-01
4.787981062402595356e-01 8.673227608975826453e-01 7.308064863657820487e-01
5.549131322193801008e-01 1.802972144791004094e-01 9.145180193865546370e-01
4.106948341793955626e-01 8.930096483955559661e-01 1.652830417024079290e-01
1.047625906141450569e-01 4.060927426807342533e-01 7.314415997271458414e-01
8.857963462685429779e-01 8.096152647409557979e-01 5.636529899276234712e-01
3.823297171688416762e-01 3.230304866469375646e-01 2.451715262630582703e-01
8.048538397137439127e-01 6.895022488394584315e-01 5.667242295670986696e-01
4.932217207442812779e-02 4.518282986042280180e-01 4.283683594583090892e-01
9.609196676038217477e-01 8.241359105126844220e-01 1.509110337818316827e-01
7.108557716736569887e-01 9.556410626757342319e-01 6.183470001329249843e-02
3.073383326496835766e-01 6.068342330404763452e-03 4.700922773708364755e-01
5.243832551449364443e-01 6.354562641409919888e-01 6.802755308117859334e-01
8.484578082281263312e-01 2.838869657595858298e-01 1.354329055198043585e-01
7.071946047478780972e-01 6.278178342677709356e-02 9.473481878584431026e-01
8.040371792601377354e-01 8.324524121949858912e-01 7.338735354184275916e-01
9.426888847729559817e-01 5.175405218804689511e-01 9.760829129429237083e-01
1.177103416429557958e-01 3.515654746975312994e-01 8.873723813887145484e-01
4.535178987373993387e-01 8.061130437129262472e-01 8.577546961561713923e-01
5.721051144501104746e-01 1.712179159803366435e-01 7.642585678515205760e-01
9.063090207906174811e-01 9.090285941532751934e-01 3.078553170545141882e-01
3.635304924481413957e-01 3.536836084497851918e-01 8.344938156145114139e-01
3.732061258989115560e-01 9.139840473245519625e-01 2.302840041800187088e-01
4.903927762963189441e-02 9.247879537749632561e-01 7.150906664359841791e-01
3.606044735933060519e-01 6.500637058379531430e-01 7.407092788598890198e-02
2.229640073087646446e-02 6.754420405472993938e-01 3.708532294729686152e-01
4.049999821639864717e-01 5.372804431320801211e-01 6.040356515496281276e-01
9.382651253792206880e-02 6.231296153549065187e-01 5.597057327263699200e-02
6.251784733067952127e-01 9.490326787140312970e-01 6.614722230121129476e-01
9.756940561264053624e-01 4.820387240713586152e-01 9.140084334275098144e-01
5.175747448011205343e-01 5.096845884501255419e-01 7.476861301971033935e-01
9.518247332820425344e-01 9.889563126616605082e-01 6.319316443956901619e-01
3.210459867968961101e-01 9.466038545894542855e-01 8.249531659976829800e-01
7.651974670219928720e-01 5.932300155362502103e-03 5.018777288700801975e-01
9.176951831378676872e-03 9.093601281425278682e-01 7.649951409823467774e-01
7.058187520854952712e-01 7.604150687290733845e-01 4.398905514596928024e-01
4.977289964442577208e-02 6.309366118071453311e-01 4.738331153337138613e-01
1.446938015162131386e-01 8.971347914254780287e-01 6.185463960596371269e-01
7.750962725961396682e-02 9.488718475698700860e-01 1.625067644505118203e-02
7.113462691715750630e-01 1.204283352423449749e-01 7.615310326312978439e-01
4.133452061556375234e-02 6.261318620942966096e-01 8.817449365888062607e-01
9.085062727026804730e-03 4.002384556960097983e-01 8.199229153559550731e-02
3.986320257078395102e-01 6.750454242247134751e-01 5.494478135182819800e-01
8.897968093262464961e-01 1.103295668614162617e-01 1.924688240426175589e-02
7.280350097264169928e-01 2.301646529074187209e-01 4.738110568517434062e-01
8.394399885127570293e-01 2.959069949051543746e-01 6.873380465200941147e-01
6.147746584858082564e-01 3.803868237328064117e-01 4.791833874202744425e-01
1.423914629151037392e-01 9.841631774082865158e-01 6.283343450467715474e-01
8.975218117175486343e-01 3.670958185090228421e-01 9.717294444214985560e-01
6.198828758109464765e-02 9.507848286383703273e-01 4.711858466962115521e-02
4.612661728215179391e-01 1.181818585610330263e-01 3.173396232136760364e-01
3.524408257164670655e-01 3.551050985685487715e-01 1.884936393568695800e-01
5.327245358999356251e-01 6.168731157725306780e-01 4.667219075888124902e-01
7.911480485790416406e-01 7.521614425405100945e-01 4.659453069137935444e-01
8.568393600304553548e-01 4.307092712179410032e-01 1.318653722830211983e-01
8.057241541301863874e-01 7.748655413276622772e-01 6.625384795820952188e-01
3.044692329988999413e-01 3.573178738857772929e-01 2.537121917834387341e-01
5.353164295137036177e-01 3.135580635112077408e-01 7.671076733162551786e-02
6.345333297631821079e-01 3.880341642440450212e-01 9.100240378942364705e-01
7.137113220453417117e-01 7.811868408412329101e-01 7.298982172637829002e-01
2.839906915886997174e-01 8.515719508139747429e-01 8.220592764603846803e-01
9.011365890175492277e-01 4.488626930071135668e-01 3.994284178264710938e-01
5.452962883494776314e-01 8.059172194277807177e-01 9.422135014979906575e-01
4.224890568917014644e-01 1.786057116333095163e-01 2.499295764670239617e-01
8.888964966465394690e-01 2.337406016486671678e-01 8.492353317627467924e-01
6.899295585712034162e-01 5.573386609425432514e-01 7.773420731734403955e-02
2.935774011627575453e-01 3.334253307911665409e-01 1.690113858225272825e-01
5.050125675688544868e-01 3.573406527258226051e-01 2.396118712346451129e-02
6.836443650852895848e-01 2.065434844113708257e-01 3.102999158955510595e-02
7.075426383912589712e-01 9.186724745018303162e-01 1.187803900851470695e-01
8.845560335855684464e-01 1.892120403722636901e-01 2.237021487385270069e-01
4.403988703165206964e-02 4.832059586602780454e-01 1.287305284790988269e-01
8.435689080541718399e-01 2.403013460482927854e-02 7.373061887085462507e-01
3.352412720602322427e-01 6.053425258840109402e-01 6.070052134899713847e-01
4.483876623336759959e-01 3.868342156961914746e-01 1.308516980854879108e-01
1.186656950502588126e-01 5.520672917268483193e-01 5.612837813213210625e-01
6.835672670902678272e-01 6.304348384992630727e-02 7.467668978770825028e-01
4.402825040006703716e-01 4.124090459347113935e-01 5.103735181451929392e-02
4.097573376690304414e-01 5.130355545875678880e-01 2.441258932306333840e-01
4.701974071513920217e-01 6.560642254203343793e-01 4.473939674226568020e-02
6.667209078104145981e-01 6.389640111705174874e-01 4.441053237704106760e-02
5.967284916640800407e-01 3.205849972277547977e-01 2.208503914182391448e-02
5.029950353943727359e-01 9.647053401031459030e-01 8.942302148604774903e-01
8.628910601506945000e-01 5.413493885231185354e-01 5.445105275249257915e-01
1.972908059741987907e-01 2.549621814195937031e-01 1.778022939219295884e-01
3.230309434809000013e-01 4.620901652590176933e-01 7.802584943545861629e-01
4.335737503134665660e-01 9.659397825058939624e-01 6.353885451366728665e-01
6.096040532174030746e-01 4.035160337741938719e-02 6.706447193465847612e-01
6.512862815364106606e-02 4.947915729052851930e-01 7.284116651838727918e-01
8.691532947390894215e-01 7.800226854970282453e-01 6.427230022048969760e-01
2.825377114756864039e-01 3.248666326485452061e-01 3.618023734742068509e-01
6.239933917673289310e-01 2.247443413951530911e-01 1.889558381797745712e-01
8.396210189595094686e-01 2.610042122673921217e-01 1.903064097439317592e-01
9.931625899514777700e-01 4.837026083663812370e-01 8.047144051629259165e-01
2.328664769511513688e-01 2.373303551863357175e-01 7.642676106727681606e-01
6.344227105436650582e-01 9.858438050422535515e-02 4.021867361138097285e-01
3.002111655006555191e-01 1.426480740141060632e-01 7.941006558163388185e-01
2.954133911553225023e-01 4.732759552849502560e-01 6.332083065871499938e-01
2.074232855603124204e-01 1.991765341756993601e-01 6.229198917732586827e-01
7.439999698779838910e-01 9.140909565288256600e-01 8.034811909038386268e-01
1.862004239144527951e-01 9.669713875445727913e-01 4.482856693552241811e-01
9.110992461917084562e-01 6.499525788119283609e-01 6.268355125704204722e-01
8.111289929267834209e-01 4.188334149422431318e-01 1.337041778486214305e-01
5.063995996852947989e-01 7.533523813493976373e-01 6.117771867402833630e-01
7.542284081800239015e-01 6.797938268621532831e-01 6.952817835430796789e-01
6.461170945110424890e-01 4.366278961784418877e-01 9.129018380482306627e-01
5.087286802952235565e-01 4.547888764622441959e-01 4.414233462243368766e-01
1.724998864818945155e-01 6.037193441447652464e-01 8.368549174761616971e-01
5.671855627420943069e-01 5.294804417639797922e-01 7.963448835883346622e-02
7.374887511066067214e-01 9.379284431862355831e-02 9.748676059825851503e-01
4.723995255795040427e-01 7.115878522985307209e-01 2.194122837941667736e-01
9.923598745060102644e-02 2.751865954195166220e-01 1.650963490725235738e-01
6.747110626761155805e-01 7.242900167997137206e-01 4.225330251078071031e-01
5.586533850728202522e-01 8.506834453801819240e-01 3.970664558437712044e-01
2.708529032888162824e-01 9.006380584083565344e-01 8.675012075572934300e-01
1.804595992680099181e-01 8.931836351733342116e-01 7.957716877278053769e-01
8.743131550853296963e-01 3.060473250010906643e-01 9.936134324753759239e-01
7.161708458358730933e-01 6.641270007432428235e-01 4.071147827273358111e-03
7.930808794380092008e-01 6.171247303829585640e-02 2.981937360577108231e-01
3.144001688032294073e-02 2.955218717412627649e-01 2.557300921963339135e-01
6.125404176904178932e-01 2.547117802344568416e-01 8.593378349144557005e-01
1.084603666781152054e-01 1.718934087472995254e-01 1.117134193342964599e-01
3.125294409031960097e-01 1.999344938342596523e-01 5.614305244524484539e-01
9.568700191751173811e-01 3.379465449347256456e-01 8.513327931945317006e-01
7.030208275175975352e-02 5.621891490002828284e-02 4.601054320436591683e-01
5.069476459827975123e-01 1.935174586627340654e-01 1.672805592584750700e-01
7.214759026790827923e-01 7.939222693048495483e-01 8.727283777289703837e-01
3.856838910896998041e-01 3.082783793728213206e-01 2.233059204741016934e-01
5.481959502307053311e-01 5.503442566681954196e-01 7.732203158676207444e-01
8.227243788289889670e-01 2.058642890015380811e-01 8.044104975943147107e-01
8.338938594413692895e-01 9.114353417791325462e-01 1.118813976669424948e-01
7.510775876055726386e-01 8.151438860830493294e-01 7.569223279034701379e-01
5.208872247959912549e-01 2.304295170206307475e-01 7.153487053843954335e-02
9.452980913125397233e-02 6.936929596326160130e-01 5.181540171850821386e-01
8.647678110527468043e-02 7.221772398332905185e-01 9.818610095580613262e-01
3.197899226397193928e-01 7.712030762575514675e-01 4.995735365599894839e-01
8.798701041314427318e-02 9.896131546775225329e-01 3.423401407014142750e-01
6.580840453736045426e-01 3.439837001864402000e-01 8.218325039515322894e-01
4.051736752259058605e-01 2.323766597477866513e-01 8.038089641023142828e-01
4.709260229432775668e-01 9.951810516356530689e-01 2.164102803203074021e-01
2.210008839563561978e-01 2.856909119000118347e-01 6.161336961336149054e-01
6.262996561485407732e-01 5.283904537090567954e-01 6.458314430880773838e-01
1.374235511651635822e-01 2.296203215923608987e-02 8.904204716151492560e-01
8.228067094477660159e-01 5.680888712006518793e-01 3.982116975070431053e-01
6.085663130601969284e-01 6.162578785687988780e-01 3.122798765884596817e-01
3.995260664475260848e-01 6.907665821794273242e-01 8.211563867689272156e-01
1.261435401891484176e-01 1.851673670662623561e-02 4.223862266282754074e-01
7.194148612851446467e-01 5.532200206783459695e-01 2.817768303716947642e-01
3.857190690452246828e-01 6.893302078955845236e-01 9.975629755680380795e-01
3.110155771485518805e-01 9.695812732292103941e-01 4.318607905221228949e-01
6.257895012817085156e-01 2.523890810616051805e-01 7.722004238318495029e-01
1.101956959674199599e-02 9.320915128356643820e-03 9.640339765635086433e-01
4.682474690481642776e-01 2.627417441921300334e-01 4.922569413412093420e-01
9.741228047083761998e-01 8.552442612249382403e-01 6.249843213577410683e-02
2.567624395216203670e-01 7.888194730505400099e-01 9.515405293342756865e-01
5.967948536099720869e-02 8.195789241674875658e-01 8.473137793521889893e-02
2.162599163524565604e-01 3.599550011212311329e-01 5.142390668330165671e-01
3.346414960154187046e-01 3.174453583917868915e-01 2.660840694278202578e-01
5.044304506885669559e-01 5.744000303556964226e-01 1.672723002192255670e-02
4.239484254316697731e-01 2.917964935802599413e-01 4.996631219112969147e-01
2.890659830574401346e-01 9.957123616294834001e-01 7.409437023296716607e-02
4.317676373954660862e-01 4.205410556491846474e-01 5.272952563742840937e-01
6.163561187942703246e-01 7.754480630406436203e-01 6.483524939407451226e-01
4.335100348014104821e-01 7.780783439411931290e-01 1.883478660224513490e-02
5.320501187716097924e-03 7.726526233574417812e-01 8.988695417770753426e-01
3.178597815801860182e-01 1.456102426009815431e-01 9.937689758133311235e-01
5.132146167763772526e-01 3.268962208014503101e-02 6.983401250051560760e-01
9.903182565405707072e-01 5.304055283458112280e-01 3.407468690092698704e-01
9.921368458002473023e-01 4.272293938673951130e-01 7.419188580680016187e-01
6.632041464739906189e-01 5.354098980378848571e-01 3.572048324383891860e-01
5.900693637778863243e-01 8.194381703045566789e-01 5.181355116448691511e-01
5.679006784157747401e-01 7.621682781324192746e-01 3.965112306470883752e-01
7.447729391244477526e-01 5.573918667611699185e-01 2.428684241638432439e-01
7.688482363444937295e-01 2.935694138430484657e-01 3.603169475224072826e-01
9.567128711463466217e-01 8.067817857288770433e-01 6.941083520085854497e-01
6.853323974236407157e-01 8.347232141520662951e-01 5.594591602441187916e-01
8.269735349773493782e-01 9.491163943514933088e-01 1.115298223144978174e-01
4.329776187368169493e-01 4.123539869870608277e-01 9.039572408514009449e-01
8.593295922533238373e-01 8.318958530152192887e-01 2.348100420455905279e-01
3.956990924113895636e-01 4.371563707282863920e-01 9.084260092070035597e-01
1.208214863516798854e-02 2.275226637477287817e-01 8.346678731184850042e-01
4.798333856048087043e-02 7.767690870158721062e-01 2.532706337393311191e-01
