2.166857754620036269e-01 8.728772717284399851e-01 1.980368901043610963e-01
8.686428548437201691e-01 8.113737380393448717e-01 9.565919969902891840e-01
4.592659049251032188e-01 6.366721214608668244e-01 9.701186826281898989e-01
8.298832814959353765e-01 8.273379098332369619e-01 7.939033547935825386e-02
3.843740870830901768e-01 8.141216566241540331e-01 2.092202249843677642e-01
9.124037680932141070e-01 7.017892143700867891e-01 3.046740507651755081e-01
3.200590077976135372e-01 5.918092124066981485e-01 6.491468561576825280e-01
8.294033082146563540e-01 9.498306638679330227e-01 6.954987335938217496e-01
9.164544391867217588e-01 6.610275765497852785e-02 1.906636118015295756e-01
8.253925178776622129e-01 9.653653817648719659e-01 1.323257640156526582e-01
4.990415442131321822e-01 2.914356709707157655e-01 9.689859845428510088e-01
6.272895523451956779e-01 1.290264337755167023e-01 3.763691238134576622e-01
8.013443703750133817e-02 9.148444014813961189e-02 9.630596123774308737e-01
9.504137761170301513e-01 3.023441814380444237e-01 2.883128064223049458e-01
7.993799891339953279e-01 5.099704052391428322e-01 6.528403345135482816e-01
6.804528054376539625e-01 6.117895304464163742e-01 3.144583116892446517e-01
4.680431820263926124e-01 8.897689873656252635e-01 9.410872515793162751e-01
4.220843911255420799e-01 3.759256821550870376e-01 7.140107054690104649e-01
4.124099699409415898e-01 2.888895771600767937e-01 1.440263188104466963e-01
1.275049760141196975e-01 6.155567298779830443e-01 3.673265896281907583e-02
6.842985917198117773e-01 2.961823358232588133e-01 9.471054173994708503e-01
6.595018047719223286e-01 9.892529058122464525e-01 6.750210272015790824e-01
5.417338052047234731e-01 6.040494732234980013e-02 7.997624262895602909e-01
3.475148673695721557e-01 1.055189467707901008e-01 1.489315211056898569e-01
9.701037997956543091e-01 7.872784565498307519e-01 2.409786870988293028e-01
6.019495004349905143e-01 5.091615523325594417e-01 7.147540344900445985e-01
6.735574362099902013e-01 4.626004841380850774e-01 9.679835522314884644e-01
3.308368244032250383e-01 6.438193848362989691e-01 6.977159240342211133e-01
5.299688965530664486e-01 4.495821676046188875e-01 8.571379064407933512e-01
9.853467566367533070e-01 7.946511396577592423e-01 8.253991979725073813e-01
9.050973955045868991e-01 3.539011871695001421e-01 7.544941308346377884e-01
7.845618359942529985e-01 5.650348763688964882e-01 4.723271516823486227e-01
1.270844582387907762e-01 6.379770160777031851e-01 5.109537716754116721e-01
6.951660603910531089e-01 3.291415658796845722e-01 5.598903872371969737e-01
4.598940328416384338e-01 6.355995389988915445e-01 1.189428955416039768e-01
6.633466296684201735e-01 8.252738508332929657e-01 9.749788208459080341e-01
8.334017971394911406e-01 3.111533408193193351e-01 2.061819952930944444e-01
5.621999850015220179e-01 3.694282827306232253e-01 1.526929172844232463e-01
4.840577449675971256e-01 5.473429639259593804e-01 3.832095892810449822e-01
1.318966361766805706e-01 1.732060619326488693e-01 8.451984539969641386e-01
3.285958777661889263e-01 7.823146497286532774e-01 4.895740790856453195e-01
8.181470311504243087e-01 5.718767976962038091e-01 6.354654132667225674e-03
4.272032325783247098e-01 2.424319737683111597e-02 4.470699101949560106e-02
6.736630167637798206e-01 3.685095325411646972e-01 6.327456922829390873e-01
9.937085567730831182e-01 5.508464901753928888e-01 1.033628988193754372e-01
7.133582518866754540e-01 4.509697388215125891e-01 4.291475639570474510e-01
6.738153871870780076e-01 9.005905387586096156e-01 2.171637613218400098e-01
3.219059470325700278e-01 1.021010212471348266e-01 3.916621124496313389e-01
6.216589435837638344e-02 7.112360678622772214e-01 1.185580502510465983e-01
1.178479989855381049e-01 9.354803804500344544e-01 7.213944201003397172e-01
2.308004799142712171e-01 9.415596779796592264e-01 1.600376629710749121e-01
7.807966728097980313e-01 4.256242621071935073e-01 4.400603341630475729e-01
1.679894884366377461e-01 4.616841142128760289e-01 6.838389669390969594e-01
5.035396646024613565e-01 6.150229307365890907e-01 4.725321374819002607e-02
6.812005638235698601e-01 4.390257021519328173e-01 5.833265752710269370e-01
2.059182557637490030e-01 8.875764642434821328e-01 9.046043197218537335e-01
6.965338719573801463e-01 1.609722318579037692e-01 8.901085312685803608e-01
7.088514141227033605e-01 9.380079456072593080e-01 5.746105758708907052e-01
8.199147317029301663e-01 1.847016270962964501e-02 6.098926992729349905e-01
5.046791125129085342e-01 3.708775579515037890e-01 3.322399447476122036e-01
9.086059117786774442e-01 2.545856084702952105e-01 9.923162826192066799e-02
8.249662853106440874e-01 8.443473681254562990e-01 3.276031693484983132e-01
4.690882151141556600e-01 1.679245691345785385e-01 4.586576236115543770e-01
7.572200590147323274e-01 1.070551548735472203e-01 4.627382609144286008e-01
7.701452114725995113e-01 5.605805082385725280e-01 6.502452502819386915e-01
4.403014086534383642e-01 4.780200168458870191e-01 2.688087595042809586e-02
7.566183493624079048e-01 3.383708278550290327e-01 4.915588186199668641e-01
7.294827840291692178e-01 8.534070548165462178e-02 8.654859014435707376e-01
7.169383285730521749e-01 9.531222748808676482e-02 2.952529992747641163e-01
3.164740877094951443e-02 6.875464953063454843e-01 3.216752901736844583e-01
2.135489073502870871e-01 4.548791287581388509e-02 9.400551241193909613e-01
1.969096894910477014e-01 8.810849757651235681e-01 4.507824617285991486e-01
6.914786213364243483e-01 4.661422861379038718e-01 6.449049374627112696e-01
3.635042733927354996e-01 5.659316666431390974e-02 8.791047095562054547e-01
9.180254480569067788e-01 1.188255597713703260e-01 9.430486728373327354e-01
7.849832138416390492e-01 2.143913788477431748e-01 6.848938114843028391e-01
5.729788459411172541e-01 7.036011480341965996e-01 8.903475523876992481e-01
1.001066745513164991e-01 5.929157869137107184e-01 9.659256965930563821e-01
3.912747532724202282e-01 1.201051048683866584e-01 8.984461522572744219e-01
2.878731006914259094e-01 9.072507302630479220e-01 2.507964813590081166e-01
1.186653971272009223e-01 5.165421298964689711e-03 7.260676879926707405e-01
4.534853684040249799e-01 3.758476391058993560e-01 2.169892817035743438e-01
5.016484165513007687e-01 6.929387119791264871e-01 8.563738597098393690e-01
8.245993560960612756e-01 3.025728455930696281e-01 7.397779687925344350e-01
6.394401460720042785e-01 4.147277078350101176e-01 3.426469967795268134e-01
5.724414534262305398e-01 8.780581128781924649e-01 2.456134700995150633e-01
8.595999263872897700e-01 7.733913380353566458e-01 2.259047181004194549e-01
1.003596694659368849e-01 6.682250128588506088e-01 4.255948696829283673e-01
5.000697717113227192e-01 5.091653478240790731e-01 8.771874134512938070e-01
4.383293108293678797e-01 4.542390976259711444e-01 5.082812865133125024e-01
4.284666925987374864e-01 3.515045941238971183e-01 9.433572547191183544e-01
9.164555600541277602e-01 1.559672901197827199e-01 3.481603327464201092e-01
4.657262654338590879e-01 6.648319256092258822e-01 8.791218732780002876e-01
7.441554296662873380e-01 1.972448946041620577e-01 9.945046714483877226e-01
7.298084603592737141e-01 7.201845924046913483e-01 1.279937333937555266e-01
5.063752142144085644e-01 4.707269837892334996e-01 4.677106057106188430e-01
1.954860783049662265e-01 1.916843492575287522e-01 5.273092196132204146e-01
3.946615253700344050e-01 2.839225137649070696e-01 1.033335382704434480e-01
1.501555390183269001e-01 7.367846492537685199e-01 4.503155327336498814e-01
3.792352978300568278e-01 4.594261458726586200e-01 8.385982639458555710e-01
8.869768493313718860e-01 4.367909036309163273e-01 7.955928197155681669e-02
1.071878841503086655e-01 3.709839761398443514e-01 2.237752262256098579e-01
1.950895357283954912e-02 2.027414597248846651e-01 7.857039029893708726e-01
2.465186462924634503e-01 1.351998051870982875e-01 6.661595816212255716e-01
4.302683391373103294e-01 3.302998467016894368e-01 2.163016649099499533e-01
1.020601988970674112e-01 1.381135677233447101e-01 1.542615251166364887e-01
4.963913453871791059e-01 1.574959275532550329e-02 8.778651148874734300e-01
5.432224563107650450e-01 8.457025425273908548e-01 1.938391078639634113e-02
1.074510641397184996e-01 2.217211781393914061e-01 7.982689220733290014e-01
6.542673564459479119e-01 9.139415847414955607e-03 1.845377502440703754e-02
9.000604170274680849e-01 2.848158699046365872e-01 6.974084278419729888e-01
1.289226699244815366e-01 5.247943244535456797e-01 3.782143866274084720e-01
1.548279448139305847e-01 4.312653392188419144e-01 2.155577043488406952e-01
6.390163703981044385e-03 2.959309638128300168e-01 4.045138754537227488e-01
5.504482117854013756e-01 7.987852363639785791e-01 1.379336320656264769e-01
7.925786739180665785e-01 2.561940111148873767e-01 2.727118123118816850e-01
4.369987753258676166e-01 3.038801847575101078e-01 3.897801220279673018e-02
3.051452737142434923e-01 4.925119957387829039e-01 5.548726231843992274e-02
2.325482073084506052e-02 5.489786549524257042e-01 7.856888986603498548e-01
8.676609794030502032e-01 6.774348845740443270e-01 9.334056066712750344e-01
9.953666447063997946e-01 1.494165361019847982e-01 4.857303989980154002e-01
4.427444878391748606e-01 9.954657338877648254e-02 8.511159478591787675e-01
5.374956374462002140e-01 1.418811304061518008e-01 1.346817709261993734e-02
6.146753243097480279e-01 5.970581338378438963e-01 8.023763251593105661e-01
9.087826539128880388e-01 8.314608257623987697e-01 7.700411757626368647e-01
9.346492555125777146e-01 4.812959765960032055e-01 2.338367663235759730e-01
6.231937033689455285e-01 3.776243384899931055e-01 9.889380147669005749e-01
7.874749758543053701e-02 2.631114643120210372e-01 8.419704690491526256e-01
8.318725102971318286e-01 8.011261411378927111e-01 6.113890021831189792e-01
3.800620296008232479e-01 3.903105830264352871e-02 2.674290343201548570e-01
1.417228634212297500e-02 4.785198490496025414e-01 6.981856852883512321e-01
2.567131542739889971e-01 2.627280959387680026e-01 8.043648908376384021e-01
3.338257328245692879e-01 1.401703120774535627e-01 1.734297457758391392e-01
6.481199615154744631e-01 8.894747523388871757e-01 4.744069727341591047e-01
8.387954444418332933e-01 1.707679128020941350e-01 6.453843511081606144e-01
3.994263540007433333e-01 9.432061964731865977e-01 5.689432221360414266e-01
7.476595456261208028e-01 9.190459095871766904e-01 7.419203088566084237e-02
2.806738656099130313e-01 6.483358571075181764e-02 3.377249389239713739e-01
3.727512865723551228e-01 4.063125749141951459e-01 6.268303363241002346e-01
8.913330979420661659e-01 9.663344769820381153e-01 8.924536991487230786e-02
7.572769576376311429e-01 2.320184574557636603e-01 4.647729892510942262e-01
3.735496184327198321e-01 1.323684407258636231e-01 5.717490801096128950e-01
3.933381599185854505e-01 9.916582597912261265e-01 9.940319247659122892e-01
4.798142165035612638e-01 9.186649066448753231e-01 7.517814531520671251e-01
4.056639457572752683e-02 9.742160544885528628e-01 2.185227416628335861e-01
2.053800258217239882e-01 5.303244385430818664e-01 7.553758194855109132e-01
6.474543348405331633e-01 5.905041749163361109e-01 7.321292555350722431e-01
1.574224345221338917e-01 1.571674581710760243e-01 7.087833480768115368e-01
4.348255774111982053e-01 4.038754751761769457e-01 5.991990567642180299e-02
9.769057691901813500e-01 5.077909009789710604e-01 8.309087365925067470e-01
3.739911033083642700e-02 9.974177554353380604e-02 4.867448975503096964e-01
4.138769591041507878e-01 4.275372901745527754e-01 5.754953550952724983e-01
6.527290211006842036e-03 6.490196484929544596e-01 7.110985725404334046e-01
8.715968200823107637e-01 9.266471602772963223e-01 2.139033271657319046e-01
7.545891177658391458e-01 6.545248768414069218e-02 4.021072431151316851e-01
6.700839291965062783e-01 6.570397003841795813e-01 7.134908970658575544e-01
9.344691234380325673e-01 6.682896756567007213e-01 8.880177163878749669e-01
9.774701785986683600e-01 3.317009660920816616e-01 5.035770224487430280e-01
5.891663846072546784e-01 5.568325714030279983e-01 4.939928563265879591e-01
7.821960322934488063e-01 9.747285316280125400e-01 3.672843036556284746e-01
5.773900681434356308e-01 2.910783709735165203e-01 9.186374977049203139e-01
3.741173764779105460e-01 5.519850055589926585e-01 8.964053608883624236e-01
3.155507419934749924e-01 7.877007998678510203e-01 1.587610089186911599e-01
9.974661786670079300e-01 4.187103518388879397e-01 1.271970926721626149e-01
4.427675883778017241e-01 2.780687311187957089e-01 8.723450487911116324e-01
2.271961948444126689e-01 6.462797539044318196e-01 3.015437474012461205e-01
8.095373222569124394e-02 5.734823447952344111e-01 5.493861348919734100e-01
2.040060479499183899e-01 8.594278033285984719e-01 7.768058618256122871e-01
9.416576999028730688e-01 5.488963739315286805e-01 4.258682114958001197e-01
7.803903084538046375e-01 6.182634433963936083e-01 6.538300093587956496e-02
2.415734758979002361e-01 8.257316298223720263e-01 6.486989764327241170e-01
1.715738224795430034e-01 6.114110159127571498e-01 5.016426800603756009e-01
6.520556020449038703e-01 3.266617877225580502e-01 3.181067701681724591e-01
2.588395930714197934e-01 5.262209319725268397e-01 4.775659003585436269e-01
8.498106811327799104e-01 3.680480998667484682e-01 9.586385700661661513e-01
7.149938413571906848e-01 6.919202475270292974e-01 3.090475317080461082e-01
8.705929742353225587e-01 2.013923980167713346e-01 5.783886858975184619e-01
8.567187950679654440e-01 3.641023752689992454e-01 5.853610750862450196e-01
7.781551801320107931e-02 6.517941617183989900e-01 3.185439690232100274e-01
2.430844269606906582e-01 1.120686904708356746e-01 7.338847516106353774e-01
4.652998648965968043e-01 3.981926907457163933e-01 2.376278092759629423e-01
1.682542872490092600e-01 2.475297301012184814e-01 5.396933468068243478e-02
6.757656772773834586e-01 6.816268350931489195e-01 1.380641644824014413e-01
1.045868022572672418e-01 5.723675193323272126e-01 2.713149825210262600e-01
4.146289091217237877e-01 6.628817337455256142e-01 8.248533640881898776e-01
2.022530606197112668e-01 6.232973269280743800e-01 5.284917339484924703e-01
9.870554469850546520e-01 8.238565584962237454e-01 3.484484565537367962e-01
3.918128202127284521e-01 8.229061320628727749e-02 7.272556706875857868e-01
8.002871456575784137e-01 9.645696490528112843e-01 1.104892778192945180e-02
2.354911991188646248e-01 2.412739644254797700e-01 3.782796599171532881e-01
6.358337056243928975e-01 3.738095973694837149e-01 1.398305980694919404e-01
6.143504499247693929e-01 1.176325447577397654e-03 3.663197978717835923e-02
8.546581253810630052e-01 1.332325217461224343e-01 4.213623549478500152e-01
3.733286677929248398e-02 7.691988368926483410e-01 1.354525129319350540e-02
5.610397381926497395e-01 9.062343582653786811e-03 4.286374453123620309e-02
4.961780557522897928e-01 8.036034050067318857e-01 3.655663355547094095e-01
8.447137923882931387e-01 2.828124367810141981e-01 4.102086832686961948e-01
6.559784275959412714e-01 1.182055100715084794e-02 2.100887358526117854e-01
2.581560407165951476e-01 6.011737942950767799e-01 5.438766457391686071e-02
3.520554433481586365e-01 8.078339080906179470e-01 5.745894254263550494e-02
9.402219126872557453e-02 7.285198335872818953e-01 4.552028757799764236e-02
7.363811744334366471e-01 7.009381014290125833e-01 7.850301656584918186e-01
7.950674366033737561e-01 5.677407036361196147e-01 6.544583377034897120e-01
5.105274945158343458e-01 7.033535969915992725e-01 5.706127721250415785e-01
8.534740953931096996e-02 2.139863316548700212e-01 8.867882811260877629e-01
6.849863377832143829e-01 7.602659446980227775e-01 9.686686189649108547e-01
8.694916151717576591e-01 6.794472528605940420e-01 7.703604966870835069e-01
3.424017276461670534e-01 3.813690368198472402e-01 9.950831059285935032e-01
1.091700915023264828e-01 9.104725277793591642e-01 2.875025698351748593e-01
1.277882626463220372e-01 1.600848567430923630e-02 2.789306064974516053e-01
4.863898386025311549e-01 9.653331463629889475e-01 1.353232774353221313e-01
9.907834170205148672e-01 3.276606975172532410e-01 9.115189714410233401e-01
1.017220832053232771e-01 6.994481495597197895e-01 7.500541906976770923e-01
9.445611337690228426e-01 4.304791492082582494e-02 2.522949560164078342e-02
8.659338700099374897e-01 1.266711932484277936e-01 7.531640951509721571e-01
5.268476055106856570e-01 7.168754130329340057e-01 1.819408207242061426e-01
6.375306908006821427e-01 2.067192841149226856e-01 1.788227986842124695e-01
1.356503713885137685e-02 6.310726473630601241e-01 5.089703234043968516e-01
1.819467415048112713e-01 9.448191584710953217e-01 9.972531919183843518e-01
2.002193759613091206e-01 3.829727159279118220e-01 9.622897792461061472e-01
5.977341598123037114e-01 4.465041256775920120e-01 7.357164469989039279e-01
6.702817340311236771e-01 5.016233646936032464e-01 8.796435076816092602e-01
8.391042109683146677e-01 6.924127460112275978e-01 8.558462014055535638e-01
2.412030396710168612e-01 5.032322481903380718e-01 2.925885394294147623e-02
7.666002521250750990e-01 7.068367266773920576e-01 9.592292696229745008e-01
5.843883137320526888e-02 3.922359891064447490e-01 9.776366285302717785e-01
7.848313484236822957e-01 9.474410807385003075e-02 7.389098575040248251e-01
7.174022519791463104e-01 7.458343065789082571e-01 7.262302776370078705e-01
3.903727509999219691e-01 1.105511072277653994e-02 3.124704673927191090e-01
3.256093711764583842e-01 9.618907334062560821e-01 8.341882959095038297e-01
9.862811459013164361e-01 1.026286043967615802e-01 8.521737751616187406e-02
1.514425557633092279e-01 8.861328683864593270e-01 8.997749351426326259e-01
4.931523431484781117e-01 9.590697352358555916e-01 4.978919906272212259e-01
3.848345353522786283e-01 9.858499740019301960e-01 6.615080154665785583e-01
3.224908106608779246e-01 2.611805276736434145e-01 8.480265545379234160e-01
8.424012055212716232e-01 5.659742099420306261e-02 5.165429118713160683e-02
9.750022905897050007e-01 6.213049498949454463e-01 7.977331679049297630e-01
4.052089403807790369e-01 6.144919016497767394e-01 5.829926716659344921e-01
2.993462464430722836e-01 6.497242800729315926e-01 1.514866037507078822e-01
6.565878333887886775e-03 3.202464133133606783e-01 7.481424301022676637e-02
4.680798656216162978e-01 9.812945257546257238e-02 6.372321528537786550e-01
5.867870468627178759e-01 6.142478675217388773e-02 6.010120230659582452e-01
2.403897997331045921e-01 9.195193744273051362e-01 5.956840874839935962e-01
1.936154892713817244e-01 1.885192772499131308e-01 8.274432395577373534e-01
7.059828732807170715e-01 4.348551878009206950e-01 6.600526984919625750e-01
1.971207796887830543e-01 7.846247588328639777e-01 4.689649495518967148e-01
9.741174480238122824e-01 9.368916344159070597e-01 9.546679872745428286e-01
9.533254157267623263e-01 2.234061245931212580e-01 8.059457579647333336e-02
8.766599517552335907e-01 2.423796062047125499e-01 7.855757863170707012e-01
2.424234146977568560e-01 8.526491587818785245e-01 8.351933120915944198e-01
7.474842974689744901e-01 7.192010153824290875e-02 7.522167425725648782e-01
8.534215548148850194e-01 4.850939524973175709e-01 6.921664318863374188e-01
7.246681028911794442e-02 9.040553265714165176e-01 1.500271349291693035e-02
3.585967582518906349e-01 1.324419704987606083e-01 6.157914637428018034e-01
9.601356375224616713e-01 2.578476021991826794e-02 8.021689754527157046e-01
1.309549531064576611e-01 5.873407589474790580e-01 6.012383964148888538e-01
8.836401407007743458e-02 3.893129329235122116e-01 1.432785302268133609e-01
9.859924395522301488e-01 8.383676955873968772e-01 6.415074020988689174e-01
4.253569755477935033e-01 2.158277469472987820e-01 3.129564174228155471e-01
4.698848105766195715e-02 8.253079723553383706e-01 8.326820355989079658e-01
7.475965437006956149e-01 6.508524419214544166e-01 8.479554184256261617e-01
4.285122764387949701e-02 5.321964692008674946e-01 7.948784468238702106e-01
8.084771936374690604e-03 4.562853156595985116e-01 3.933691010729809534e-01
7.652559695289928854e-01 9.680130720347600581e-01 8.432395284077311981e-01
2.629337079464411087e-02 7.416678145770420061e-01 6.284952106328544064e-01
1.127695078836854492e-01 1.376613855428828748e-01 9.252544770010484587e-02
6.092204972805755903e-01 2.455564653609598746e-02 5.697501760011824956e-01
4.650644574693538758e-01 3.126292500293215149e-02 9.591649490065501382e-01
6.050651454889924841e-01 8.742681540977729204e-01 1.017003534038012358e-01
9.346557151761414328e-02 8.541181210759095643e-01 9.683208335330696359e-01
4.639693489556159234e-01 3.740678882647270331e-01 4.403735028958100095e-02
3.164618711918163463e-01 4.161802579131007596e-01 7.944179912656385012e-01
3.875033470273602232e-01 2.345474685819015637e-02 1.998475745187489050e-02
3.963866365828017102e-01 9.793765696656806519e-01 4.781071302864378092e-01
9.924615920057056062e-02 3.400109618939087808e-01 9.570918265081089782e-01
6.483850799163906053e-01 1.530323359933850602e-01 6.720182113861563611e-01
1.748334857983433466e-01 2.187541316115860779e-01 6.632789965614728223e-01
3.581699768998508615e-01 8.869053921767794391e-01 8.452419920229081729e-02
7.636565336053633413e-01 5.730405042488293521e-01 3.971581863289793679e-01
2.028521742690492236e-02 7.372886021767985909e-01 9.095884693306538482e-01
7.723952571725268834e-01 6.735659583153411623e-01 7.511555407308135868e-01
2.273834916314089183e-01 5.719184057945194688e-01 7.998832614093586146e-01
3.728547480053966412e-01 2.961511916370508368e-01 9.705906066527806297e-01
3.009207027591608297e-01 6.966487814571543646e-01 9.172908557034920030e-01
5.337091004316111276e-01 9.952715471332959085e-01 7.969041254094108018e-01
3.566727023795516205e-01 4.771403049809782582e-01 9.193168246955411016e-01
2.060720517090754988e-01 1.317121512094787672e-02 4.087846192947127699e-01
6.193660066336554859e-01 9.109542206884035931e-01 6.861836405449144305e-01
9.950657918896266274e-02 3.566791254644122722e-01 5.363227486260641053e-01
2.947431198158764198e-01 3.366281922021083783e-01 6.778947339983789622e-01
9.952649121664468579e-01 1.747192525259314566e-01 7.985937406302268116e-02
8.915814070750816001e-03 6.647007645385949459e-01 3.818819029261089071e-01
6.996925735384291745e-01 4.141609888630461977e-01 9.685470597989516151e-01
7.823513790425400405e-01 7.634486878897503992e-01 2.535198423353894892e-01
9.062098572750938441e-01 9.964885366531323063e-01 1.083958148046336722e-01
3.875659101441604193e-01 7.604291561748045547e-01 1.283203931153419353e-01
6.830978891443533207e-01 9.854832416902240544e-01 9.666408504428189996e-01
8.286086980998252915e-01 5.086520795670024242e-02 9.016562868115556295e-01
3.090522597422651341e-01 1.214594446494665636e-02 1.188549807601479991e-01
8.957219713113884207e-01 1.312229964396370852e-01 8.010496000856890397e-01
8.990069090427309506e-01 4.207530677965585220e-01 6.550990455974408100e-01
7.733921900206236488e-01 7.376648219702485187e-01 3.703976234786272581e-01
9.033473353774232883e-01 4.930689110598422964e-01 5.758304004015726285e-01
6.220209459725110079e-01 3.654891584945472172e-01 2.231478646916660313e-01
8.139835019553981477e-01 9.202161762960762159e-01 7.834924094663102689e-01
1.047074321410118580e-01 7.500041989612851179e-01 5.681497013640331994e-01
9.118670256340611902e-01 4.330692952924021233e-01 6.231720218839136294e-01
9.416311413978947220e-01 5.022428509857199685e-01 2.805756379677918355e-01
5.922537309540278905e-01 7.560126370199619084e-01 3.259273004429331655e-01
3.988489899490831325e-01 6.414344772302981168e-01 8.123560499865686291e-01
5.044165394843749262e-01 5.230400143708550109e-01 4.815311354405513722e-01
2.262784376593953706e-01 4.347343375468766258e-01 9.461326662364497597e-01
9.823632872387288995e-02 2.291561633640086804e-01 7.350286965593572086e-01
7.215543851868491121e-01 3.267692668050592442e-02 8.342159846741808993e-01
9.662373000903896614e-01 5.439920673591718270e-01 2.770678497720456823e-01
6.508589141638148057e-01 7.840701878527922553e-03 1.227283819763951289e-01
6.272972994117319567e-01 4.353989481333363498e-01 7.685846070272842612e-01
3.820371062929849293e-01 5.540999621412247000e-01 6.939596464201943649e-01
6.411041034326243615e-01 6.656397191787836176e-01 9.232632186590319368e-01
3.291387781784672617e-01 4.832002867771876264e-01 7.231136163845920395e-01
4.723921727654846192e-01 7.350532457118463814e-02 7.419247148510301759e-01
4.081613030911670492e-01 2.539759454520259530e-01 3.681402814437340076e-01
7.768775372116657474e-01 9.362875264692605004e-02 1.868210938996113235e-01
7.943953350835896154e-01 4.696166874893183962e-01 4.560002199614554552e-02
4.302795958368340612e-01 4.691708135948017278e-01 5.922242735058773633e-01
8.709332357729865359e-01 4.318902312653606357e-01 9.935339666610665255e-01
5.394294936811204755e-01 1.560069558611512086e-01 9.198540073621385149e-01
5.001289667906502201e-01 9.630953035647240590e-01 9.961712558721519395e-01
2.651677405763545048e-01 8.140218660154275865e-01 4.994589002674520994e-01
2.592902643255978745e-01 2.403810466264389989e-01 9.955365035227888848e-01
5.443371146885775946e-01 9.256379898501632120e-01 6.655108313275001075e-01
4.448148384912233855e-01 5.912517205610756665e-02 8.537684345314175971e-01
5.694823059472093885e-01 1.682724279848329951e-01 2.160444172639115479e-01
2.076949306542658080e-01 6.684258572521309949e-01 2.360743025966283160e-01
8.740410233943438634e-01 7.995995012064174290e-01 1.640741531420375487e-01
9.749678291661073581e-01 4.482468797282983530e-01 9.776285195122658145e-02
5.741597108207907585e-01 1.223772835386059965e-01 2.344053406224790859e-01
3.762107170029430625e-01 4.772220429718010415e-02 9.082725015206848385e-01
4.781804586838132032e-01 2.145272571726302147e-01 4.300124814786346894e-01
6.363862935553706857e-01 5.203994559929218111e-01 1.385931060542646698e-01
7.776215727984732151e-01 8.468879267256345100e-01 4.398680272942251390e-01
4.555684000878393869e-01 4.244937517904185942e-01 5.011410276542022091e-01
6.961391313201559239e-01 8.906485344575465479e-02 4.298609297863621448e-01
3.345629245545587160e-01 9.202708950232507679e-01 4.522680535720978723e-01
4.685267008488259721e-01 9.360612034295747730e-01 1.315818583899026617e-01
3.615813775088083659e-02 4.373685649089947836e-01 2.972646587569274246e-01
7.598229567486616265e-01 3.538740760507508298e-01 7.669272331413936605e-01
1.762683665025718271e-01 9.183782435610949868e-01 5.371969232197399968e-01
1.302993261004358194e-01 3.601817362074188900e-02 3.846493762172710218e-01
7.601547727151330980e-01 5.058154447440286194e-01 4.750567359615427421e-01
5.848356116156248063e-01 3.876415916617736990e-02 8.956237037980654403e-01
8.649820308847882000e-01 2.276876661218902864e-01 6.645871299917069930e-01
1.024100874596216570e-01 1.747597815485311123e-01 1.704709729623591352e-01
6.200390051775572786e-01 3.872593819069244381e-01 3.276960728244172616e-01
2.099447094651006873e-01 7.166013750914179692e-02 9.518186370725690848e-01
6.686312066317967595e-01 6.328073984548076014e-01 8.094763373790740957e-01
2.716172457638137416e-01 2.929371272810984417e-01 1.410417219228422558e-01
8.577546555769246517e-01 5.819998168339877154e-01 8.806266789011596430e-02
5.089854784894591866e-01 2.316755766846828601e-01 9.054673602349783135e-02
4.872620394903772745e-01 1.456032086614447163e-01 4.582847338615777533e-01
6.098371400546074295e-01 8.035850570530708170e-01 6.438476539304982538e-01
2.702316903136495752e-01 8.998002025287218375e-01 3.843883528880054357e-01
6.744887644585925157e-01 9.696096343376969795e-02 5.609418480265941920e-01
6.169236275628701138e-01 9.921684186379267079e-01 3.458759597029252841e-01
3.586542483340420251e-01 9.043912581987730848e-01 3.687939635861590126e-01
6.524690213505953684e-01 7.034081145775356037e-01 9.382377583127254894e-01
7.629945290912454325e-02 6.096890608545746382e-02 7.560287928929700918e-01
4.773951480715505902e-01 5.846287383780879310e-01 2.099001930509077907e-01
6.745304091140728042e-01 5.510834557749383356e-01 9.952229495602056275e-01
9.351226617175217859e-01 3.235369600988099448e-01 3.287963167589624813e-02
6.959632911337343408e-01 5.199335982951980295e-02 9.702287825766298113e-02
8.598832945897973978e-01 2.210421805627379443e-01 4.661814714807007709e-01
8.177846760110855096e-01 2.776602017132042688e-01 6.047670148719157535e-01
6.427850807366634056e-01 2.442319834770043663e-01 4.488076826225283478e-01
3.412220889228759768e-01 5.700883905382420069e-01 4.269834389744112668e-01
8.687207064548361224e-01 8.011853235936982065e-01 5.853313589554892671e-01
7.744303709055162521e-01 4.567077466788271867e-01 8.969651852824156446e-02
6.914198439584567923e-01 4.380888528788219327e-01 5.367734288149952349e-01
9.119904918868712018e-01 2.172391040853305366e-01 9.534197805361429578e-01
1.595869149583215574e-01 9.032090812955770875e-01 1.653302577756199376e-02
9.511993753549544683e-01 6.775617392538673123e-01 5.866998469244608660e-01
7.882589605941991984e-02 9.964132186335321606e-01 3.713561471291914051e-01
2.784413688204938619e-01 5.231876550192274822e-01 7.901053695479814953e-01
3.423561045000635961e-01 1.928667738932057230e-01 2.795806131395816019e-01
1.787900166371115818e-01 2.464492128550954675e-02 3.639045148650729145e-01
9.371639922796571875e-01 6.838698735646966398e-01 8.645331742938814346e-01
3.091349226283733875e-01 8.034117259792339372e-01 3.734936121616967419e-01
7.167616985345298675e-01 7.125537515130010435e-01 9.416360225752058444e-01
2.997676836113616350e-01 7.168933145664043716e-01 7.722698896650607159e-01
6.636118479257053782e-01 6.106469896844204381e-01 6.693755718832715695e-01
1.474705590779458175e-01 1.782987016877687347e-01 7.690146205607468755e-01
8.800879087495783182e-02 2.451667943157828100e-01 6.242729620437363902e-01
1.139022244807436079e-01 6.166386852459765366e-01 2.801456448506384200e-01
1.111570068824216939e-01 1.479981696378140921e-02 6.855240813018528279e-01
7.561544082786344489e-01 5.265929034110825580e-01 4.830059697246622541e-01
8.234383427742661965e-01 9.143065372531288260e-01 1.671500253181715800e-01
3.539120707117846543e-01 6.933440009213742705e-02 8.014252816534284118e-01
4.262814271684787215e-01 7.896383846398401518e-01 4.951692125876536732e-01
2.669863460156206569e-01 7.614916779052105511e-01 8.330487648725876104e-01
6.286353095244121558e-01 9.888554177404939027e-01 8.693708401310834555e-01
9.918327671279002500e-01 8.150178495035894644e-01 2.525094372473871696e-01
2.396089082891429412e-01 3.099123245465862375e-01 5.723156139809199017e-01
7.198074812202198691e-01 9.969643571777269120e-01 1.569433992576095838e-01
5.468639520716447322e-01 9.388879758732674441e-01 5.615041622646625985e-01
3.749366093750204909e-01 1.118597712636412167e-01 3.411117817651252437e-01
4.733185430369183377e-01 7.659259011523583682e-01 3.887175449879184397e-01
3.282174605960656022e-01 7.254291525159156651e-01 5.572176946591604896e-01
9.958478265491036430e-01 4.507299871197004704e-01 9.648546347186136574e-01
4.393182511652939937e-01 6.853419413436481200e-01 8.802380974066063013e-01
4.098800715661179428e-01 6.607948147033710917e-01 5.223850835228293077e-01
1.036380996032881807e-02 6.624083712542958580e-01 6.599286009635196848e-01
5.662200546576358073e-01 1.998974616040583019e-02 7.547169445428153489e-01
2.954670050728536168e-01 4.629964583116052967e-02 9.986067920195675907e-01
4.507095397676227355e-01 8.190296177377521802e-01 5.859367476953284415e-01
5.253247224160554341e-01 1.790522343983407261e-01 5.929078063028613288e-01
7.563806521922243897e-01 7.583508508823832983e-01 3.620052660887718154e-01
5.447063365592333950e-01 2.014620282763034398e-01 1.836281729215349934e-01
6.095616963722202408e-01 1.220292059530150297e-01 6.358067392208683888e-01
2.466386415952412925e-01 3.736798585545597629e-02 5.411599568203599997e-01
4.979936396229488471e-01 7.927155299469013094e-01 4.107951534722711351e-01
9.749706521890737498e-01 4.395176018703659260e-01 4.009454151260518628e-01
1.427230649134672014e-01 5.471984320504367227e-01 6.353596649877579772e-01
3.212015897181826896e-01 7.272509800429995952e-01 9.374853141572083715e-01
1.965887156432039040e-01 4.736315697060270447e-01 2.646759238073752574e-01
7.383758583394848252e-01 5.757489017582718693e-01 8.245347101718358829e-01
5.316231234552364349e-01 1.544897432590988107e-01 1.580886104393655067e-01
6.653593002992723715e-01 5.203017105954373944e-01 3.995848777405004437e-01
6.731880892946077166e-01 1.209441496232194213e-01 5.536216274320856501e-01
4.171001142201236078e-01 4.065442258906551976e-01 7.035303873643807826e-01
1.988973626819674489e-01 6.001674458728647465e-01 5.135595060887950813e-01
2.412998926007825506e-02 8.433842910560366279e-01 1.595742293442861115e-01
4.209897563592367442e-01 4.640553151271737953e-01 9.609669547080033070e-01
8.241634207587240635e-01 8.238241844878945175e-01 7.367618457433782186e-01
8.601586113440472525e-01 2.722796740543524940e-01 8.243558835516376915e-01
1.798566462164411517e-01 4.121217844346436454e-01 2.719094436318597596e-01
4.350913658646246018e-01 8.632105581289444274e-01 9.249929996260908283e-01
9.629776773246255805e-01 3.895501245823643766e-01 1.766472421298204143e-02
1.752389948680348475e-01 9.034674638342875541e-01 2.554858299262798838e-01
9.405469665483103814e-01 1.840161801170223654e-01 3.956136321255754318e-01
1.831913407350669321e-01 4.695999545845079837e-01 5.450804262005688461e-01
6.927011655634821574e-01 6.982507401654332035e-01 5.323691223118253157e-01
6.083943463096648241e-01 4.962972878996418924e-02 1.785074602033629443e-01
6.387694835702806273e-01 6.367537525923376851e-01 3.733245795145492263e-01
6.875377892864111828e-01 4.331790645996146383e-01 4.585304541045187587e-02
5.272325476177563974e-02 3.662920771784327068e-01 9.429131355987875329e-01
1.550753446131136748e-02 1.202055499171339470e-02 5.299242953734671913e-01
7.692197965105052049e-01 9.307384880749105527e-01 7.621357981295784345e-01
7.859266107789353306e-01 6.572505759005742298e-01 8.766372888961386778e-01
7.057828849016989370e-02 4.235328646262637164e-03 4.945506071400141979e-01
2.083178264283448433e-01 7.687995713819539834e-02 1.922281360317712462e-02
2.952169894150122875e-01 1.533155343902097290e-01 6.489692005518222784e-01
2.930144527465924353e-01 3.122201168931644233e-01 2.954752271587557377e-02
5.129518968289346059e-01 4.325523846458205757e-01 5.129224516088515262e-02
3.375027846541512888e-01 5.486974095090806358e-01 6.472969978221698728e-01
6.354143777975718166e-04 5.212176729582119750e-01 3.672750735045245962e-01
5.239751921548345681e-01 7.737743609061018546e-01 7.744140300173372182e-01
8.982590375711886344e-01 4.176255943896547418e-01 5.072250730731222568e-01
6.136621370975688938e-01 6.935427612393681995e-01 5.130466643561080176e-01
4.164392229259277212e-01 2.528991423817322781e-01 4.365168624621115212e-01
8.912782132501630983e-01 8.723767004527100966e-01 2.290682049963260747e-01
9.056592981149262922e-01 4.852387398994817413e-02 2.861547805321406068e-01
7.838054839817704122e-01 4.590282376807576226e-01 8.381006666239892988e-01
4.510291320514530078e-01 4.035398690952881617e-01 4.124770227163619962e-01
7.206816865070646561e-01 8.552626453300022913e-01 9.752705297032160381e-02
8.637848025785094253e-01 2.032239537915369043e-01 5.694218159904075316e-01
3.674613525495011856e-01 5.232866173606056659e-01 6.946144938755978160e-01
1.126391238832685771e-01 9.292735368625485437e-01 9.868128326648687443e-01
6.828256387380075010e-01 5.400006134953552195e-01 6.752696791768497686e-02
1.046364172806585335e-01 4.067635614742656225e-01 7.830347620573515632e-01
7.973003146121074858e-01 4.150232512877662927e-01 7.620144274215611135e-01
6.545869482176290832e-01 3.065255538105110533e-01 4.299591777987081809e-01
6.529549561262589785e-01 3.087293783578966000e-01 1.625659868087283577e-01
9.304959185432449820e-01 9.828627126101053824e-01 8.968336011559571164e-01
7.099850107686903611e-01 2.867625952031797043e-01 9.907744940578754322e-01
4.883301444247363232e-01 8.371002934097573345e-01 6.792258750102937448e-01
3.491351009590060173e-01 4.561586754752544604e-01 9.476844679275460148e-01
5.119064832112159014e-01 7.774251157165920079e-01 2.356689379116677641e-01
2.273471029711570113e-01 4.055177131013715242e-01 2.859017704020486716e-01
7.429722005396163231e-01 6.690679659892379005e-01 8.927611492575665553e-01
7.779434028553158242e-01 5.417640670120958957e-01 3.668254157514422298e-01
8.086623647306525609e-01 4.726790140987330302e-01 9.391775785892108042e-01
7.706064188398428216e-01 4.199863392022550324e-01 7.336613501112387858e-01
7.934505160108156208e-01 3.898747464842233779e-02 9.939095504739495768e-01
7.943853333400974215e-02 9.986634447958955274e-01 3.268982679653822387e-01
9.312036629971329749e-01 3.354847295954387354e-01 1.813353329650285728e-01
4.492451139361655077e-01 5.353525936954375286e-01 9.645218953527552319e-01
8.465504617672814369e-03 8.496759798016215726e-01 3.631050209534636419e-02
9.790790952807748582e-02 5.627333684081033960e-01 5.898039246978367123e-01
1.937366207251803862e-01 3.826556997589452003e-01 2.524223861425446414e-01
6.520648652778900933e-01 3.328824461805927060e-01 1.860787807155802609e-01
4.401118098813446844e-01 6.633216147920674155e-01 8.544460880068064368e-01
5.142349076200125602e-02 2.135699594242777000e-01 3.065525563025303102e-01
7.928791252027802550e-01 1.817723723432086436e-01 3.364059642196309818e-01
8.950057525849983708e-01 4.680721819348597768e-01 1.885213914416561387e-01
6.650250028290922710e-01 8.859288346475072684e-01 4.606916447537228176e-01
8.174349279541823776e-01 1.648012898373834023e-01 3.743134493962548826e-01
9.414257651908832791e-01 2.540719959032947672e-01 8.991596711314978618e-01
3.615765682419123106e-01 6.557469924734283806e-01 4.891883755457718808e-01
5.202120679676810466e-01 1.141322205208152862e-01 3.918943470852198629e-01
4.555359907644657147e-01 1.758592637498577194e-01 8.321564346768766107e-01
2.577577082599454839e-01 1.786410137504909068e-01 4.528017545575494518e-01
6.781670795424780129e-01 7.499372510229170841e-01 3.438493651040426258e-01
1.082524074538474546e-01 4.493004688124734303e-01 7.748360975237968962e-01
2.139961716522206236e-01 6.119205369091882396e-01 2.539863053025308570e-01
4.539894675785113298e-01 6.183632768279045955e-02 1.875964477923486307e-01
6.744334240033833527e-01 4.458728487465007939e-01 2.420639115884648529e-01
4.691319247384195812e-01 6.514884340118767270e-01 9.763566650618116238e-01
5.647026831189360108e-01 7.192308144792191049e-01 5.950432643642749042e-01
4.052440395089534908e-01 1.894330339963657961e-01 1.063942117980238855e-01
8.281263650988800462e-01 4.149718163552532646e-01 1.008745821722099034e-01
9.964149695672804841e-01 3.521536495533179600e-01 7.684308553557227528e-01
1.914686602515501823e-01 1.681802286733280472e-02 5.069120358291400175e-01
5.031164802450767137e-01 7.666080068499767641e-01 6.658979251409118394e-01
9.508918288678687158e-01 7.878675118297062685e-02 7.745183570847524734e-04
6.755359631186249603e-01 7.860883541082307469e-01 1.750614737747420158e-01
7.568776398814514028e-02 1.966200003859922552e-01 4.055942423607166170e-01
1.091656522742689983e-02 3.696830989985572247e-01 5.844398537470848476e-01
3.735631192301849257e-01 2.317967985932523067e-01 2.859692562551700012e-01
2.952961157982298968e-01 6.562755463986321702e-01 7.384066535650910534e-01
7.004204673056118047e-01 3.255841246572658276e-01 1.830115196379404896e-01
3.791384197301215231e-01 1.870505732440260749e-01 4.517165028968692653e-01
5.106180732435955383e-01 4.164997872242446331e-01 7.499128938906352015e-02
1.720240313732024351e-01 6.976846456922251027e-01 9.108546822927303666e-01
2.502612804007495750e-01 5.180938092907291237e-01 1.337892557148294692e-01
3.045476236336801534e-01 7.961770433698059923e-01 3.907634839322380316e-01
5.714732164066845810e-01 1.823621526840547569e-01 1.840908168155097613e-01
8.450827095994991600e-01 7.876777323245216511e-01 7.773021355173118652e-01
5.924950809586960743e-01 3.100020789449076108e-01 2.860765636926329014e-01
9.576861112721938296e-01 8.155143049449098402e-02 5.282047141030581372e-01
2.390781181127531463e-01 4.040908183999382119e-01 5.597879070243583222e-02
5.210386465441767534e-01 8.961409278994955097e-01 5.748434304701992570e-01
7.353050770212571363e-01 4.239817125853609925e-01 6.697908543961150762e-01
7.642260774183061711e-01 3.111947261887559879e-02 9.604670729926245709e-02
3.493488152578121397e-01 7.829718779939104367e-01 4.221194413953071045e-01
4.425082636546049386e-01 7.142420306749790448e-01 2.595062126557028392e-01
3.189420959844613268e-02 4.033607699871309960e-01 8.246244740144348384e-03
6.972284074574700563e-01 2.235266054817319770e-01 3.536055049459907451e-01
1.108582077549379319e-01 3.500998065698633921e-01 5.383294698297976799e-01
3.994114380429917288e-01 1.007798426659475277e-01 6.622207871739080876e-01
6.581852806761656627e-01 9.208799719263459638e-01 2.137504003739940650e-01
2.999725886031148203e-01 2.437275662172396773e-01 6.823125091891745209e-01
3.500536221886573207e-01 8.700531768963510881e-01 8.766764639810938897e-01
9.337295607945962361e-01 9.219436518116111978e-01 4.779560602762531474e-01
5.592721552648014516e-01 9.644704267099457606e-02 9.828052506260620547e-02
7.640009399828983083e-01 4.633354790187668160e-01 3.486395577891971964e-01
4.250565652869678912e-01 2.297816376504480118e-02 7.903295795835504345e-01
2.252420650476317787e-01 8.200794634715613540e-01 3.745678782428887299e-01
5.494291389613309429e-01 1.744320966517649563e-01 4.202703816886792509e-01
6.112991631388111635e-01 8.984820743351312755e-01 6.356895735532791525e-01
8.015337187493579707e-01 4.607329342763188951e-02 8.595928961330556728e-02
3.670296346412714739e-01 1.959429116594948450e-01 9.734131487033825803e-02
2.202932294759056830e-01 1.362980166752464362e-01 8.948330316424015773e-01
8.372801644967046153e-01 8.116251586332229317e-01 6.731627265783863834e-01
9.237085987579335411e-01 9.252637098069115273e-01 2.511670342997013305e-01
2.675742879975245847e-01 8.428107546230928504e-01 8.525940296402179097e-02
3.343667180345870626e-01 3.255306466474383598e-01 4.167676046883802554e-01
9.416923700190454882e-01 1.631173721494180162e-01 1.590642173443652663e-01
8.207907075877378666e-01 1.095971129363202401e-01 5.457705145649238698e-02
3.962001127257234190e-01 5.401528812140814484e-01 6.022261003510277488e-01
8.108790034622852527e-01 3.377498856098805069e-01 2.161566633171996266e-01
7.074724278661816967e-01 8.895493552233435519e-02 7.066035219299743320e-01
3.897126152685341793e-01 5.207309410317735310e-01 6.066132198717608670e-01
4.909622890410378915e-01 2.004531691354904943e-02 3.187647304860763420e-03
5.363309320960321092e-01 3.698188107130626623e-01 1.076482081769928323e-01
1.846343304999176205e-02 9.164562370117211865e-01 9.350141930876735286e-01
6.400339265246806075e-01 1.498456787309687677e-01 3.194064149743323089e-01
2.880669135366287215e-01 6.156155987333038482e-01 8.403163243845235275e-02
8.653102860253500950e-01 9.540000493884165378e-01 8.160235393221187961e-01
3.353165239375570650e-01 4.420819571143042026e-03 6.241105443604704206e-01
8.597928885095951212e-01 8.037836040752821543e-01 2.632048711097745297e-02
5.559460554375753594e-01 8.529308335709179234e-01 5.941853900182098025e-01
7.186959584255000477e-01 5.187910668418530546e-01 1.322567951584041612e-02
7.723270918336639923e-01 6.009197127260511584e-01 3.129509828773766600e-01
4.582240951881899615e-02 1.464415676680074219e-01 4.900655057611491561e-01
1.762295387212721165e-01 3.925611660664287683e-01 6.762132591501893719e-01
9.992671511854968047e-01 7.143430570394890822e-01 9.183895396911643250e-01
7.821909107811786388e-01 8.438277004073627685e-01 9.554597789702983235e-01
7.816952279686695260e-01 1.802361531014196050e-01 4.006690444955207653e-02
7.036696596322417063e-01 6.360882770352683790e-01 9.610950605589101414e-01
6.200458766842228409e-01 6.808653846384060682e-01 4.140645069580295434e-01
2.721844981779419914e-01 5.546716718954946002e-01 3.326818938808749904e-01
4.106881503241119891e-01 7.335065983860332706e-01 4.231088339001768395e-01
9.053292934597134689e-01 2.688572869541575594e-01 9.958124832486012767e-01
5.390551181378321344e-01 4.950253336621629474e-01 7.709105076296898229e-01
3.596550414513716154e-01 6.175998264992844655e-01 4.097339656521841178e-01
7.161445896319933446e-01 6.019401019404588826e-01 3.983114418182603922e-01
5.099773551230549762e-01 7.973506525388502908e-01 9.366799976065388611e-01
4.162457617032920831e-01 2.768700384674889214e-01 1.227178689523907851e-01
7.650199902045213829e-01 8.592027217768855030e-01 3.601985808394387867e-01
5.302483405047259124e-01 2.005774589535125330e-01 8.283972097105077870e-01
9.537449414348423415e-01 5.070106207860769487e-01 8.798882453978759122e-01
7.190854842152873960e-01 8.239902014016897702e-01 9.254395595387898688e-02
8.982224083390746294e-01 7.896345034695301246e-01 6.122139300706663789e-01
5.281701193756116464e-01 9.720380517355783345e-01 6.805831539424694876e-01
1.410949264530544367e-01 9.185519802137056544e-01 1.263901229191923825e-01
6.093045855669796396e-01 7.543209898769188682e-01 4.372726749033686300e-01
7.854649436882777946e-01 9.630254898514662987e-01 6.092278359344529548e-01
9.123545103753294416e-01 7.841572586849370197e-01 4.289802888515997781e-01
8.345119862528377341e-01 5.475815426223209492e-01 6.362155829478428615e-01
3.342510124644423319e-01 6.387517457765616857e-01 3.344794286640845327e-01
2.226329268279579887e-01 1.634478468240455618e-01 6.178691675492153923e-02
9.230741881494237688e-01 5.221331767266391699e-01 8.617975628897194262e-01
4.302564463016533836e-02 8.337071754208146279e-01 9.143318566766148736e-01
9.101989043829523673e-01 4.661184781080922601e-01 5.964632871181213547e-01
8.025334075849699378e-01 5.833159839111800027e-01 1.293224415931008009e-01
9.550091478909480402e-01 9.008259818658599372e-01 9.498027626518026345e-01
7.356557051788693569e-01 2.676496260042741104e-01 7.113213205122255189e-01
3.931652705762836986e-01 9.329321757883340949e-01 5.542793073036409446e-01
3.957747776178266452e-02 4.513140662631408562e-01 9.266777515662764086e-01
8.252194857148684726e-01 1.029656134194545380e-02 2.960843979469799381e-01
5.389346985214806818e-01 6.137707816357156343e-01 4.361752642462038976e-01
5.170239575579647084e-01 5.779146733326642194e-01 3.377284723710582970e-01
4.084891732734060588e-01 8.603899245615516111e-01 7.985845923882773922e-01
7.053785740780987856e-01 7.618610502442790811e-01 1.967370222445277150e-01
9.091138087804674361e-01 1.908151353190674637e-01 2.719996847842420795e-02
2.156391991052328816e-01 4.169115734837663956e-01 1.925014044369615096e-01
5.794283112946851944e-02 6.930890834508051102e-01 8.309602115150714896e-01
1.646858892160071308e-01 2.143612712442917179e-01 3.168340535446149131e-01
6.255584708162006402e-01 3.663562042694936682e-01 9.765909331651357883e-01
8.085468956965139453e-01 6.173567637033648969e-01 8.777037787727322016e-01
7.113421594276829740e-01 7.756107285570846832e-01 2.902789072312889074e-01
1.150372378909181315e-01 6.063369808898059210e-01 4.924066777877842416e-01
4.145248745074739949e-01 9.392840443563792441e-01 1.642036506641030291e-01
6.641005966527625537e-01 7.913126461547235202e-01 5.796888226529273158e-02
9.526235326736172127e-01 7.135704545519047093e-01 3.685905034645167166e-01
3.396096523217801977e-01 3.664314921766830269e-01 2.189333973723185389e-01
5.065316557249602836e-01 2.005806848066363779e-01 6.964751245629556831e-01
1.549715958044303177e-01 3.791429430161449288e-01 6.067821054079955978e-01
7.706368046362601643e-01 1.478776494797293672e-01 7.412945949007216928e-01
9.896900745686066925e-01 6.225992751703209871e-01 1.293447271257401887e-01
2.760742274819472097e-02 4.130657212991806215e-02 3.906364063243686902e-01
7.091851447892576488e-01 3.109429561806954512e-01 2.500419258171835413e-01
1.808029371124216800e-01 9.364125980732360688e-01 4.351758882523061311e-01
1.673340171441152213e-01 6.268305569256956700e-01 4.186285578394680629e-01
6.128180480250640105e-01 5.466448633581232341e-01 1.113308127722770768e-01
3.230786676520064349e-01 1.894244581686241879e-01 2.026417165586601454e-01
5.620985591003201387e-01 4.412002292222705346e-01 5.562354786294512188e-01
6.885671989237425183e-01 7.699656012408018224e-01 2.567081766580546764e-01
5.458456391593951018e-01 1.890811028812763306e-01 9.517749074080639193e-01
8.499115151322047534e-01 1.716532208503451784e-01 5.180656468377231594e-01
1.919138842418274260e-01 5.858740754375542092e-01 1.817738610458071724e-01
7.644614793535274844e-01 6.874827916419213869e-01 7.582343548645139597e-01
9.836942006970672558e-02 9.959200237783627507e-03 4.190606616862480038e-02
8.284350472340417104e-01 9.686069626893794027e-01 1.881098016385965854e-01
5.076509091507560578e-01 3.608739194512965431e-01 9.728921084382086137e-01
7.250172128120743187e-01 4.698200040570564839e-01 4.041924269701401284e-01
1.660748853672985303e-01 5.957101658168946212e-01 3.709703291243968692e-01
5.395523065345093627e-01 3.508609022632296348e-01 3.480103250864686748e-01
7.149709041381346886e-03 7.247351678758289228e-01 5.379380637675627019e-01
3.988503441586161991e-01 1.433955376906168588e-01 7.267761789085149804e-01
8.355453023938212986e-01 1.224310920018415461e-01 4.571649835370691362e-01
3.155540873923385892e-01 9.285067649243476939e-01 1.274924642216330728e-01
4.665901743974462113e-01 1.768264648509254577e-02 4.192975281174582403e-01
7.723311163815312907e-01 5.238288166084934527e-01 6.850554162393190927e-01
6.839078849072797173e-01 7.287610073942213385e-01 3.845137399057585448e-01
9.381184665609071383e-01 6.854337661338910648e-01 5.205157008999600210e-01
6.415760714305496215e-02 7.848520194960029173e-02 8.311986412803975544e-01
2.342876274289962257e-02 1.194594929672030403e-01 5.167836630610574966e-01
2.449894440517429439e-01 9.989694350095607023e-01 4.202823213056456897e-01
9.887574192145406338e-01 4.995357726262488196e-01 7.838308490905721015e-03
9.520325759377376018e-01 4.559290479848246980e-01 1.759196290321612954e-01
5.685040900398915520e-01 4.070158640289348595e-01 1.722744726224895162e-01
8.134803796141887311e-01 1.449395062786849042e-01 9.765656173891522629e-01
9.410220675229895582e-01 7.944903405543929376e-01 1.790450152680780338e-01
1.995489656472921869e-01 9.985067494686759026e-01 2.241487240174615536e-01
4.892238806064463930e-01 8.692934621076129353e-01 5.434290558854648623e-02
4.147245486866113495e-02 7.585714927592204226e-01 4.550081004026256259e-01
3.431652289670955591e-01 4.518956168540471108e-01 5.152341072544395217e-01
3.250359090623441416e-01 1.693913408107526886e-01 8.856800339949856271e-01
7.305336170475540403e-02 1.261426248894653712e-01 6.243414527579460582e-01
9.997578460083703655e-01 5.727636230183927868e-01 1.709934978591741706e-01
2.703759781747027136e-01 8.040913268927973867e-03 4.428801119484256921e-01
2.049053323311720298e-01 4.775085846554067981e-01 9.548182091509539449e-01
1.843748161176765876e-01 1.902526257155766620e-01 1.455855210722951654e-01
2.618083172620350174e-01 5.555219974045524367e-01 2.269521902108262434e-02
1.513796850129114357e-01 4.207485999218187889e-01 7.114963366389581712e-01
5.252792630146659869e-01 2.831070210764468076e-01 6.463278807970741502e-01
9.132002540253563172e-01 3.150921801027304348e-01 4.989773682878962946e-01
2.459622778911096930e-01 8.998114630289265614e-01 4.858093178336049256e-01
6.526540002895150350e-01 5.307369672703960983e-01 3.246238978797478802e-01
5.025064696421427390e-01 1.073224955305525086e-01 2.382757907735789660e-01
7.257471823767048802e-01 4.436442142324038551e-01 6.636646779294648191e-01
3.755438795738308411e-01 4.177701415145229635e-01 1.412063396885333555e-01
5.958993547219882947e-01 3.582421018049282146e-01 9.942222628575650978e-01
8.349866587339339619e-01 5.033632697785259680e-01 5.286040761608429284e-01
2.641116208233449392e-01 4.088403656958226051e-01 2.827705702767937535e-01
6.952926244203461170e-02 5.835904721545097651e-01 2.723670177686103866e-01
1.103754365794715753e-01 6.493792940503236855e-01 4.631257448682194466e-01
8.927498004952608701e-01 4.762167342603653708e-01 2.738620883494813363e-01
5.112131605323246841e-01 4.900248049061067812e-01 4.782332691404656000e-02
8.506721758995897664e-01 9.325458744101186026e-01 6.164372658612038425e-01
9.874208613002379842e-01 5.465671887422196562e-03 4.696346202068280018e-02
5.826116907148918278e-01 4.774147356384137453e-01 3.123579934974789474e-01
8.967009460068879889e-01 5.142330548570864801e-01 8.950329417107658614e-01
8.163711443951323643e-01 4.160540999773817417e-01 5.657976849060308844e-02
6.694924070821034467e-01 8.525803828488831559e-01 5.459382795986811310e-02
9.835436378893036569e-01 2.920732118178174241e-01 9.446726013688230283e-01
7.307828996215430806e-01 1.673080664878957569e-01 9.372212527028467299e-01
6.530291175702407358e-01 1.745992172727639513e-03 8.398387194822573010e-01
6.847508940817745859e-01 1.819127130462637743e-01 4.466456091352917213e-01
3.914729032604714609e-01 3.834473135977112257e-01 7.052271018712708006e-01
5.884460112863840742e-01 9.650820721277016956e-01 7.563066648597275288e-01
4.368604867903655986e-01 2.649795661108856892e-01 4.769394430396287632e-01
3.777843409267422903e-02 3.046597177822499836e-01 7.822825614797368488e-01
5.495346711786550653e-01 2.412435782586541677e-02 9.260524401201140066e-01
1.132371348747939210e-01 6.013266076914559610e-01 7.242403973593447564e-01
1.329293656541538082e-01 2.363960975542951370e-01 9.632133487798015814e-01
6.405375245433652109e-01 3.729618034250732350e-01 8.014410217118645985e-01
9.433162870065143757e-01 8.564401365996747728e-01 8.707202654156013244e-01
7.023705116591805186e-01 3.842208966403507509e-01 6.212029614198590899e-01
7.917313834447582410e-01 9.859846211640332925e-01 7.578459516906324023e-01
3.373027794279219727e-01 5.389158060455022659e-01 1.039842711666941755e-01
2.079367355458648925e-01 1.530082941417705289e-01 3.536859171314801209e-01
8.499071486663867248e-02 5.309012389351562833e-01 4.563558114473427185e-01
1.725839095240618848e-01 7.089151791844271466e-01 5.236797094149723275e-01
9.953524677384069097e-01 2.980518559737170836e-01 2.917113725074337305e-01
9.538564906290829537e-01 2.724117644149004480e-01 2.896202340425449995e-01
6.749946173487679779e-01 2.616576967115537000e-01 7.981341993135417923e-01
5.798022496751931154e-02 2.973364268034299762e-01 9.119278266788032328e-01
5.314326777283157055e-01 8.269234150322146704e-02 4.970834572063465018e-01
3.294551921573687370e-01 8.720541676359985228e-01 7.993981661319682352e-01
4.646418348485316097e-01 1.798292991689102172e-01 4.551524819999537286e-01
8.386416961006097903e-01 2.955377022023838451e-01 4.283218098167581589e-01
7.227802008092453212e-01 7.378520109923982773e-01 8.426921187514151423e-01
7.747120408494702071e-01 8.461366861122611160e-01 2.857899652148376823e-02
8.539120306660175075e-01 1.763191219928972320e-01 9.783047082960426577e-01
6.628175857470389731e-01 2.122777315800548070e-01 1.508148501343704595e-01
8.418225307191073981e-02 8.821033881528302922e-01 8.916371170533782253e-01
4.738490152377837772e-01 1.932257115885800403e-01 3.397062163930398837e-01
5.020194574189674741e-01 1.406991410033173739e-01 3.812955025280307941e-01
1.970394743730209397e-01 1.646656834004520675e-01 1.053533850943096928e-01
1.382378313017538218e-01 2.417588652379254466e-01 9.503440362779874695e-01
8.115462308385257284e-01 1.720853713335036561e-01 1.351851526802005932e-01
9.107638026356926764e-01 4.646672264662340401e-01 9.624221089934238416e-01
8.242669698708698922e-01 6.462160405643964101e-01 3.631017469996709046e-01
9.760849088854008926e-01 8.597025212140685380e-02 4.690157386239316439e-01
6.670956480416592171e-01 6.220925284501001018e-01 9.874904862075225553e-01
8.097076550895156988e-01 4.521653996717263091e-01 3.971299937277146253e-01
1.130923710916328373e-01 3.623197492298689815e-01 5.155061395255445822e-01
4.739502508502927425e-01 9.002195281129575788e-01 7.758523961270583635e-01
5.941161943197577067e-01 7.213948754840142641e-01 6.304185075163164509e-01
9.248260534773383723e-01 3.198885972471390282e-01 9.501703892359775194e-01
8.083882303270455427e-01 3.237237360985669721e-01 5.556832945034730908e-01
6.007945726078759430e-01 1.426828011108316474e-02 6.654027437235920939e-01
1.347004355835379474e-01 7.281310469646311567e-01 1.975276155992563565e-01
8.858494149541359386e-01 5.881223290502589629e-01 4.217123340899342487e-02
2.834682870678414401e-01 1.113124353995131877e-03 2.264822467106718529e-01
7.507726217268273494e-02 5.076966511508975710e-01 7.737745933669333276e-01
9.142272182433963668e-01 7.019566557065948231e-01 8.975041550071429786e-01
2.744107923405382232e-01 6.409085765018329717e-01 3.842075536369641275e-01
8.443864638464366745e-01 2.223360697516718609e-01 1.179965437041206044e-01
7.255691724305147750e-01 3.985254814345903229e-01 4.303010035799795796e-01
6.883022977705797185e-01 3.128516995003948198e-01 6.854227534613165362e-01
9.315548166571284705e-01 5.640183327481471665e-01 8.679026732883265982e-02
2.816050168993622371e-02 9.968862757053746915e-01 3.295856677358400821e-01
9.306493085655151987e-01 5.993185831791203455e-02 6.559186300615584830e-01
7.817445840361925136e-01 7.895880047575511984e-01 5.096099110523096831e-01
2.196733274120854507e-02 9.288886557847634284e-01 8.986305539735781611e-01
3.831090295622929798e-01 8.674493199568786839e-01 6.877331752857120950e-01
7.456323814241094805e-02 7.963356266869622280e-01 5.141650458012255731e-01
9.426577185897426769e-01 2.864450886007730013e-01 4.561246358764923237e-01
7.977711842429762168e-01 5.343750142906620315e-01 1.795669643032778984e-01
1.294412943907760072e-01 9.316412135619545065e-01 5.085861652593226534e-01
4.850800264100509906e-01 5.050934828885933481e-02 9.549517418069533026e-01
8.525122161921064867e-01 2.175114793324920415e-01 6.818353256060007972e-01
7.331778369651621441e-01 5.137859180548617344e-01 9.382308431717295560e-01
4.448835064064720068e-01 7.620747352568787436e-01 5.805034695235752329e-01
6.249920319603629038e-01 3.625497796350471980e-01 1.495768853487766670e-02
1.829297785615962013e-01 1.021275472314719934e-02 5.188212968053245167e-01
4.804510350673305563e-01 7.114486005606663888e-01 7.725797261403548610e-01
7.348872953350013004e-01 9.040312201514145718e-01 7.127325682748649749e-01
2.698103562465530292e-01 6.994113201534618574e-01 9.656496874135515052e-01
1.275972214996653475e-01 7.140964329075470962e-01 1.661362429649276828e-01
8.561679325393398710e-01 8.416184844233980389e-01 3.819004849887074338e-01
2.979056136993494253e-01 7.713911864191512757e-01 6.943151156117425282e-01
9.515904615111022702e-01 5.183426844151066692e-01 1.250259130699815646e-02
7.352423564519908750e-01 1.761602141046186842e-01 7.736115425793853584e-01
9.280279970382296906e-01 7.556783937933330142e-01 5.569568806746404421e-01
5.427191639050125138e-01 3.499298107044788164e-01 6.994496734143639260e-01
4.897372763764387127e-01 6.365630636946929544e-01 5.229011207475448009e-01
5.914765754699990996e-01 8.061132715961336626e-01 8.557722709670658734e-01
2.118181791929104607e-01 6.310410951719590544e-01 6.919358149653953571e-02
6.248013950381691162e-01 6.585730751893171808e-01 3.774774971717316241e-01
2.882300858672970367e-01 4.301672590975630373e-01 4.851094715445136707e-02
9.560766409538763444e-01 1.925340543146072392e-01 6.088333221981954146e-01
7.766169233868092103e-02 1.364934942004775165e-01 2.702388890911352481e-01
9.660547105570052029e-01 6.579360087811306768e-01 7.350168532320271453e-01
4.548772936923586308e-01 5.525452642337402853e-02 8.294727243498420943e-01
1.422145872876328099e-01 2.988447744636700820e-01 4.878778372307407407e-01
5.824503684122722680e-01 5.043524966268364551e-03 8.306988179898177060e-01
8.008011657556257656e-01 2.262154965007141527e-01 4.272675830516232676e-01
6.261020198179433338e-01 2.553223478434970550e-01 8.146005349903299164e-01
3.696750259362899804e-01 4.750333577699881182e-01 4.497417844300947154e-01
5.847722656432862154e-01 6.434359773920645953e-01 1.334862848983123795e-01
6.998715856809862856e-01 5.002872089812064882e-01 2.573794769210124844e-01
8.308006701711579955e-01 5.438421734789755657e-02 9.379546012532100629e-01
1.795268775114368109e-01 5.876803527211040823e-01 1.799051305360488406e-01
1.697199798319741770e-01 9.424717059445658629e-01 1.490093148051686578e-01
6.221524838733147877e-01 4.649536948385073476e-01 4.934895790986854047e-01
7.353710290401460625e-01 5.789202764568984749e-01 4.572541984752001021e-01
1.945046506988472590e-01 9.657444569913077315e-01 6.209487160916162818e-01
9.242404669181421006e-01 3.241154535094628031e-01 5.945220231256140853e-01
1.989532382265367660e-01 1.174628300318353302e-01 5.325433951840716773e-01
9.662989278992795139e-01 1.497408720533878190e-01 2.640025071901680453e-01
4.058306520893536495e-01 5.813526129412361909e-01 4.866663090016709603e-03
4.488362977373855367e-01 7.109453212694032409e-01 6.011312164627746757e-02
2.301110870079035031e-01 3.781965774912570133e-01 9.819135238188767545e-01
9.497724927629512814e-01 6.306098065582114165e-01 7.154806255085192079e-01
4.620941088752872350e-02 7.236597597941882842e-01 6.703329364759239573e-01
8.227260383377809072e-01 9.567828561883665595e-01 9.974900094328102984e-01
9.516683248812732865e-01 4.514483392915803472e-01 1.703335945834211218e-01
3.618278063632229813e-02 3.894858956589120069e-02 5.863902423190442414e-01
6.439766536701047039e-01 5.166652298713005909e-01 6.229216014482311659e-01
5.684249310795408405e-02 4.548697100409853089e-01 9.550565754583978384e-01
5.041692659797377685e-01 1.250285817488805407e-01 8.270369360886397070e-01
6.102852480732930962e-01 7.896314601966791802e-01 1.033807147495937606e-01
2.682133367068303409e-01 3.295112129487854924e-01 5.833102753662784412e-01
1.455887569130659420e-01 4.477270470603406105e-01 2.483610489599505922e-01
9.481695619527852337e-01 9.364283010138226837e-01 7.442325516446796074e-01
2.435237171651883914e-01 5.812618383017317258e-01 5.605465367270188182e-01
7.241309988231175998e-01 6.428307979916134673e-01 6.861900392177551211e-01
1.825521031038546127e-02 7.233901744147536172e-01 2.812048189760203432e-01
8.674177614768961986e-01 9.620615746678892188e-01 1.929514285638358473e-01
9.222338049728057152e-01 3.075199027481111402e-01 9.811517092033097409e-01
3.829918189480956414e-01 6.886664672163694823e-01 2.845215575017279175e-02
7.367527178282591294e-01 2.456116701007340364e-01 6.111156055026328859e-01
8.662312172197638160e-01 5.755052906110463828e-01 1.078404748752531672e-01
6.440922423118996543e-01 7.375566490739868808e-01 2.235723387705554899e-01
7.547325734056979929e-01 1.824151768942032792e-01 2.303439705839539497e-01
4.238023425314645376e-01 2.327950892661346805e-01 1.289863089235165905e-02
4.287319241527637326e-01 3.025738162021598399e-01 1.376171701312199902e-01
5.320219052951480343e-01 4.870825478267772901e-01 5.608618319637760363e-01
8.830309827062584604e-01 6.723774818712497936e-01 1.491828418377756371e-01
4.509429943410141473e-01 7.524097518155282716e-01 6.288872138134792289e-01
2.660768246453860675e-01 7.675563864355173793e-01 5.836054641609454974e-01
9.067577300806427543e-01 4.896190832903294377e-01 5.261515356930309695e-01
7.280351892681127257e-01 4.160731569288876885e-01 9.500830135131027587e-01
7.256917066532030391e-01 2.141367012576717022e-01 4.920288165113306800e-01
4.012059045062023044e-01 8.123631551571680598e-01 4.301056852932618746e-01
9.452806676378037176e-01 2.699958127607003933e-01 2.752886264271914296e-01
4.072598630878055959e-01 3.002098772889074674e-01 3.095882418728704844e-01
9.258129728225338306e-01 7.522267084493325928e-01 4.919633177330031693e-01
9.594139083473423035e-01 3.870515577613952152e-01 9.025907450351478012e-03
5.581245130591603321e-01 6.510372210415784622e-01 1.863487728969396295e-01
2.447897891789385660e-02 8.933635963105216460e-01 2.748365377228352280e-01
6.190940766270403017e-01 8.558942251730773387e-01 9.398715423261578827e-01
6.055477078533315627e-01 5.885598452365422562e-01 8.943500067348527649e-01
9.816062027047048888e-01 4.195492696466306404e-01 4.814551893297723817e-01
6.800944690916053137e-01 8.039614407014114006e-01 7.945743319910555380e-01
1.049767293158302417e-01 8.712770698437488637e-02 5.597695841551064699e-01
3.289246640283530754e-01 5.141366001280591735e-01 2.023974646770699826e-01
9.165037370142421480e-01 2.120351418591797099e-01 1.809840516111606012e-01
2.464232723693111637e-01 3.427181234411788013e-01 8.826193939869920735e-01
2.091109583703718577e-01 2.644739418677566345e-01 4.488748175678528574e-01
7.974339597089319387e-02 9.905943993593020469e-01 9.359836294712641225e-01
3.777034385892326096e-01 6.711096533640330541e-01 1.549000038096118859e-01
8.038485369010528458e-02 1.052678810977040191e-01 1.824819374330771682e-01
2.654293601595112406e-01 7.695937563028993900e-01 5.113279193644939546e-01
2.671083586257981812e-01 9.977240899829551424e-01 5.631458023976920746e-02
7.103116469928405508e-01 2.899111103836904402e-02 8.808018669577170057e-01
2.579315956184488057e-01 1.754703923841217650e-01 1.392428640788282435e-01
5.952630475901059537e-01 3.545810065878889361e-01 4.477088021259892914e-01
3.126649351724772874e-01 3.946912531567949856e-01 1.121998213344448381e-01
3.999523292511394379e-01 7.645212885065585384e-01 3.495078176463761732e-01
7.713360707127759897e-01 6.897307399914198722e-01 8.121662657299169030e-01
8.790942442154132674e-01 8.012214593460393885e-01 5.668975019314603792e-01
1.820793198347607778e-01 9.468250641876937435e-01 5.219642076245679663e-01
8.399131075472242580e-01 1.481663846782675931e-01 9.909765001069654744e-01
2.886336694973771211e-01 8.051931488830574857e-01 9.751925308608327958e-01
7.178516526425480215e-01 8.742618032418665308e-01 6.833964341462175351e-01
8.936528471638547355e-01 1.572613928811145145e-01 2.497418285116494996e-01
2.931125714634235102e-01 1.594637535523366623e-01 8.752740704691396312e-01
4.222349409901031692e-01 7.483368187589730658e-01 1.327766955123390602e-01
4.325161938713206755e-01 8.936319660573104340e-01 7.833612995858911798e-01
3.971869098736819925e-01 7.832183294394547968e-01 6.892913044255627453e-01
9.323926500792429906e-01 5.971368231373637148e-01 4.749250226011118015e-01
6.809849555061420201e-01 8.987465871969270159e-01 7.420724772880374909e-01
6.115798038977753315e-01 4.019329807969618251e-01 6.268266300517830736e-01
5.959872877771057453e-01 7.508283198629566169e-01 3.323271389258125597e-01
7.321084336463723474e-03 9.665206659742601181e-01 6.570295555267169352e-02
2.174210377442844511e-01 5.161878371388990416e-01 1.247770207339637949e-02
6.400382177795508332e-01 5.254319991656720701e-01 4.781831012528865443e-01
3.788658624832547117e-01 1.069084576778386309e-01 6.744064186458488264e-01
2.673841963746916850e-01 8.290384482860513327e-02 9.605312739297571234e-01
5.384065431749074371e-02 9.520804920432456298e-01 6.953759885153351084e-01
4.054751062049843924e-01 5.626327540839182184e-02 7.480699019381766846e-01
5.065286125314105714e-02 8.866187322637805179e-01 4.684078736291041878e-02
1.380162065238477176e-02 5.527696970682555166e-01 7.607059367087121160e-02
1.747298560749384055e-01 4.151247609666904870e-01 5.119190942240388065e-01
1.495160109677309279e-01 7.101841380388727032e-01 3.917952228288753558e-01
8.522046772462087416e-01 3.935788274708466039e-01 1.446400748443927853e-01
1.099100072585779131e-02 8.051547098163591709e-02 1.810467049116861737e-01
9.179724608801761443e-01 4.928212156660958243e-01 5.993822671893512810e-01
1.523562016244227602e-01 7.395174328451274981e-01 4.431248848881981228e-01
7.360840404976761731e-01 6.501868539745601083e-01 1.335460982021785536e-02
2.703942550687720159e-01 8.279521425449735128e-01 1.662582821808877842e-02
4.493781517905486300e-01 1.070893246820558975e-01 1.223257742249932445e-01
3.767314219713229217e-01 3.187750784163556617e-02 2.123506869807518793e-01
4.800839431910783883e-01 7.676329223751530151e-01 3.565677906795053920e-01
5.627122084509019739e-01 2.586066608569252967e-01 8.218368012010913715e-01
