4.225095425490050238e-01 3.632112409029442102e-01 3.748805188347522632e-01
6.976595981615910658e-01 9.206316839086758907e-01 6.316549496656624907e-01
6.441098207673947584e-01 7.178052969914553438e-01 5.605411697484103950e-01
7.154872064643457152e-01 7.620143498756817846e-02 3.482876494701592773e-01
1.433798222827689373e-01 6.094388710116692698e-01 5.455571562994748075e-02
6.610048131342630695e-01 3.307814873774744813e-01 5.278340756806029210e-01
1.449797842192922792e-01 6.556242304077545269e-01 6.509533128975261533e-03
2.558746767869262140e-01 4.073709633352909920e-01 3.056063217713248514e-01
1.464299312380893670e-01 1.717589959477975603e-01 7.795106247048698700e-01
6.295266482018312404e-01 7.121484381021347954e-02 9.843448613050086171e-02
3.336950706684043144e-01 3.254066571991350888e-03 5.837390582047220500e-01
1.297011511376386927e-01 3.057807009553510369e-01 1.434402446058098968e-01
1.831543104813521394e-01 7.813125180107115542e-01 2.612930705215164573e-01
1.721127517456293721e-01 8.724042128160940379e-01 8.535732901928863026e-01
2.158665575082074906e-01 4.291244583939649582e-01 2.923039005152319736e-01
4.283279309591930817e-02 5.574449475374869678e-01 8.796458144036567450e-02
9.562022786399064778e-01 8.445096249307467717e-01 9.096314327119987830e-02
4.750335417829203988e-01 8.544263150718703903e-01 4.378000057020022817e-01
1.802637847483604672e-01 2.422538899160062986e-01 2.976442717590981335e-01
8.060575649037466928e-01 4.859760357140988640e-01 5.725651652357403032e-01
1.694108238130393185e-01 4.853250321769174147e-01 1.891756195296922516e-01
2.471651881788751171e-01 4.878679001623701939e-01 7.901065664702020541e-01
2.945358519789735841e-01 3.209722247010401430e-01 1.970628709030132764e-01
1.653876891905233792e-01 3.783103951243410590e-02 1.293718115231041466e-01
3.010719274978476689e-01 3.828087384340510269e-02 5.946976656546150153e-01
