23628.505600552584
23628.505600552584
23610.379215170415
23586.14455204971
23561.19681571903
23536.7377165386
23511.635465450716
23487.039559623434
23461.800919357807
23437.068514910094
23411.693222184746
23387.209969154672
23361.591500103863
23336.69375127602
23310.937742744256
23285.90236222427
23260.00877814453
23234.835667614192
23208.804199437553
23183.493050742858
23157.323390468497
23131.87389587657
23106.78135291794
23079.981323558553
23054.7499515336
23027.810170625093
23002.43969466747
22975.671508478128
22949.85198750727
22922.944231099616
22896.984769927865
22869.937148673493
22844.28198778354
22816.65117480973
22790.855685244413
22763.08411689623
22737.148005116785
22709.235662693634
22683.15862541837
22655.105206108536
22629.26939232698
22600.693436644073
22575.071027729286
22545.999481178154
22520.2352366266
22492.161630452832
22465.11899333106
22437.24560677354
22410.083082649944
22381.703890637484
22356.17296029618
22326.24315955902
22300.208796882227
22270.13470459043
22244.2584705306
22213.74055769207
22188.17948784581
22157.0602130741
22131.625449714255
22101.36758546723
22075.58618447315
22044.3811526152
22018.432567676457
21986.84512901287
21960.7515838242
21930.257416614757
21903.181868399177
21872.445226693635
21845.232214896438
21815.036558572152
21787.904606047276
21756.83792949557
21729.843602094188
21698.5655309802
21671.109544318126
21641.157012527387
21611.934709098787
21582.21576768041
21553.328053125177
21524.07766435422
21493.94726428981
21466.31592860944
21435.69506326777
21406.99546323508
21376.56163652112
21347.51479005622
21316.1918284199
21286.95382951929
21257.88669802544
21227.36281914701
21199.061191293316
21169.48529586511
21139.242184038587
21108.57111758319
21079.785618114365
21050.916163953967
21021.075169431333
20989.31809976952
20962.35454254592
20929.7012833483
20903.73506506847
20869.67693146985
20843.60834241863
20809.103061647507
20782.313563828666
20749.572707266136
20721.975977160913
20688.433727217744
20662.175264766014
20626.18185153848
20599.479695545964
20565.054899772163
20539.93638798282
20503.066838605384
20480.72727456431
20441.581329414483
20419.319890081333
20379.90715387626
20360.023827360954
20317.88808806493
20297.084197959404
20256.708280730443
20234.766490208927
20194.172932558056
20172.418791832115
20131.723297689954
20109.49050075958
20067.967972432634
20043.954166108873
20010.075230849434
19978.984345761986
19946.322963487586
19915.340223909512
19881.652710383732
19853.0930573991
19818.66843394091
19788.882217742583
19752.753676307773
19722.54626604747
19687.104200065845
19662.493486648145
19619.83754686991
19598.457893375897
19553.6425115306
19532.198860945162
19486.513613966195
19467.65458561912
19420.486229135877
19400.64456409436
19353.64142333373
19333.720846631884
19289.504387021472
19265.40709831777
19222.23035797157
19196.963379585064
19154.220019033914
19131.624370358713
19085.355765626035
19062.77801172092
19015.807743853915
18993.429958269713
18946.98207683002
18923.399210780073
18877.283778861416
18852.164362867214
18808.406479770478
18781.879854583578
18738.23022730507
18713.20884188551
18668.671723470172
18645.52753905836
18597.333928954376
18574.862671412506
18526.971365897825
18503.62718755707
18456.024876700605
18433.2855681598
18385.309770135078
18363.48429354006
18313.058676879948
18294.584081859164
18243.269566400882
18222.047227338593
18169.48218563841
18149.99731426864
18098.21907828877
18079.17274549353
18025.32270062998
18007.96480666491
17951.754284998584
17937.768459606967
17879.450922305867
17863.051261910532
17805.716809261197
17789.10033133912
17732.527865866257
17715.744592034298
17658.037170371765
17647.218778606206
17586.078590658173
17572.399002060876
17512.647151135738
17498.584187048513
17438.85552695251
17427.272221676943
17363.884235993723
17353.590809902682
17288.633338272157
17279.584752069368
17213.48483981166
17204.472851010083
17137.480922830848
17132.443013074182
17065.75563988401
17056.057658995065
16989.581836437013
16978.938294859545
16912.822618736867
16904.773596579296
16838.26737012364
16827.775960515086
16768.745748871683
16751.778622578975
16691.601090182354
16674.706238520903
16618.27081791414
16597.0639375918
16540.221302455804
16522.59456599634
16464.634002242336
16446.912536830423
16387.503259538134
16369.813039737626
16309.036235727921
16292.65457004203
16239.335412707645
16213.659542168136
16160.205116004789
16142.14487919302
16084.430203977716
16065.104647476224
16004.257981220737
15986.856252627724
15923.84061484527
15910.254711579473
15845.277967359512
15831.738279397352
15768.572857699057
15755.153594368025
15691.551902902986
15676.765690432143
15613.539045953681
15597.873823327925
15533.0646125225
15520.01926115395
15451.70521746999
15441.95389780564
15369.692938275994
15358.18102669455
15289.599558143087
15278.654451435745
15207.500308707395
15196.376512264298
15130.685578962708
15116.550746180415
15048.054114934059
15032.637092062545
14968.950283515172
14951.80747417317
14888.179298288549
14869.10199956456
14811.047825554091
14788.229250527316
14728.864067905544
14707.35940558518
14648.243168321758
14628.27886646164
14566.501701773563
14548.523573842822
14487.000473512451
14468.282796197014
14404.998392471503
14383.464651551069
14323.871186330865
14298.541176149127
14237.709888341475
14213.756884322924
14154.208630986006
14130.093123036753
14071.119670961854
14053.945188627504
13987.430106225267
13968.485188819157
13902.857587779405
13891.860213880133
13819.279853079031
13805.077245609484
13734.67421356398
13721.97052994048
13652.544973232873
13637.61119180309
13566.219598715072
13554.699496178386
13482.603934340705
13467.53429315892
13395.858468885142
13385.987172422136
13309.626574440392
13301.387389068348
13225.00419326569
13215.292881507137
13138.451015850587
13129.416457548641
13053.297188922461
13042.015863859076
12964.95197584043
12956.38671202913
12878.639872402486
12869.911141997334
12793.821434778154
12785.094149246104
12707.519316443311
12697.436442635839
12621.999544025393
12612.014810321914
12537.456506466742
12526.098672163196
12450.263131693537
12437.327578315946
12360.547224376889
12347.09551556668
12274.867835774994
12260.358423061336
12186.942374768525
12177.070940802021
12099.534225330415
12087.692837183382
12011.15959666006
11998.55696879691
11923.073566110448
11910.67984277478
11841.313036197238
11827.104962032918
11751.445460133307
11745.711061806172
11661.16087001533
11659.817600736487
11571.87569988669
11575.04231894011
11482.331016003476
11484.738356770771
11393.519262735352
11396.4739180312
11305.900923102654
11309.616112704927
11215.84625203278
11224.883906327977
11126.20838407578
11140.60174617353
11036.913304480955
11051.232739369625
10949.895018866184
10966.000176902939
10864.242235793357
10882.454592616588
10778.285319021692
10794.28778518403
10691.14963556746
10707.885922987345
10603.100387484561
10620.974240597328
10516.028860073227
10531.340211306506
10426.878825159421
10443.31024598435
10339.473974802082
10354.747344266649
10251.340400575204
10261.924873172173
10164.328484926195
10175.185032601952
10074.708622745662
10088.208489587096
9984.820626050101
9998.302387610122
9896.712734534032
9909.712882596528
9806.970428254253
9819.991609009034
9715.406853904255
9730.091775414805
9624.57882143792
9639.429487029436
9534.819554079706
9551.463142470826
9443.905722143483
9460.510113499155
9353.757266037215
9368.582955454289
9268.184224381148
9278.115290906946
9180.648515562993
9191.154984246257
9094.85103137787
9100.15661833543
9003.519308150506
9011.542031450457
8915.057717758229
8929.400392961488
8827.023621447392
8839.683157505317
8740.592426889601
8754.820480104781
8654.219799663531
8669.095463783387
8570.737820508179
8579.266545851522
8485.184983825946
8498.4585563292
8401.965307164855
8416.508806613097
8317.369816210476
8332.124121351999
8236.62606777014
8250.203757269566
8159.525978672593
8170.4722171482845
8079.346633526599
8092.096722802461
8006.014796239518
8015.483498881654
7933.551192044702
7945.878759458795
7862.909577561829
7874.661635287352
7787.445270245148
7807.7362000738685
7714.44611925771
7726.741049643032
7642.421091665153
7652.961662340399
7571.864610221647
7579.764826642405
7501.669221722655
7512.891614770713
7436.708022188353
7440.768011209543
7372.725391653747
7378.940095939872
7307.260212284649
7316.119875833616
7239.383573469536
7252.996197641206
7180.763341856756
7191.686889212099
7114.001432301788
7127.932435985263
7050.847951488353
7063.928887581606
6983.389173406728
7001.112461792766
6921.821249045104
6938.490822250345
6862.417178634115
6879.875706621568
6802.736809809401
6817.878801541478
6747.8714050340495
6755.150962458307
6683.207938460173
6696.937567413664
6618.207493648914
6639.124589257616
6553.328638228091
6576.333629679609
6492.726065037107
6514.967959117243
6433.945907185603
6450.640775591531
6375.021499514711
6390.408606832762
6318.861766390742
6335.753568583403
6257.060034930773
6281.2849244748795
6198.47551690079
6223.631058045829
6147.757769254164
6159.371930801449
6091.012672964578
6106.7201413126795
6035.271330523199
6052.17485821496
5978.365398678253
5999.994416633568
5931.128502785121
5944.817011160576
5874.234743389389
5889.231508766202
5825.895561802462
5839.277772648898
5772.817438943299
5787.653700579772
5728.293585662027
5735.9369097548
5679.978506897289
5685.265389050839
5636.598283693965
5631.741852615851
5591.603208809056
5585.805368341932
5548.732852947049
5541.402304136405
5506.427612452485
5494.712907291891
5462.49897261199
5456.118057099276
5420.040083592069
5416.327165832262
5378.883139441206
5379.647329612555
5334.460468163029
5343.975698334565
5296.485958973945
5305.065465466997
5260.457563512987
5272.756056004565
5226.083495307827
5241.444020282301
5192.478988865765
5208.16059342793
5154.669164971222
5175.93759843837
5125.330354364405
5147.97970869276
5089.222605426308
5117.602296336901
5054.398640832714
5082.501333402381
5029.568532129497
5053.89783218319
4996.835424969791
5025.761583370989
4964.375637065346
5000.1936351707
4938.037954904175
4972.773865994011
4912.393149805284
4939.88210343459
4888.664741160033
4915.655413815425
4864.3044293983085
4896.3604122081415
4840.911768531555
4880.941958532764
4821.673325988024
4867.796997730304
4803.497172964677
4852.943460949566
4788.183278112164
4834.047567547479
4775.376288287554
4822.459035808011
4763.213879985834
4811.883108713851
4756.9057863651215
4814.38884731345
4754.081493919313
4808.285677153276
4746.2555113084845
4813.780807449228
4744.065696657035
4803.8844365220875
4751.916152181485
4799.544290312605
4753.0898814411285
4803.614802747232
4759.798184308849
4813.698902185524
4767.568773030519
4826.930357345751
4780.44420367778
4841.6168132750145
4792.654818663921
4842.903993417388
4802.139646954861
4857.8497121709215
4811.716557265119
4858.535633313786
4823.944444316356
4880.7338575605445
4835.82358958387
4897.96471418313
4862.037302871971
4914.310532612806
4875.66978542122
4938.050932204478
4894.367494019709
4954.26140656446
4910.3467504026175
4975.3773452350715
4933.215165450073
4987.718805207004
4951.953785379596
5006.796015834021
4981.482702149586
5019.282162680801
5006.61124399129
5040.975097439833
5024.9322135714165
5057.718326287248
5055.428502904918
5082.302746528716
5065.33169259221
5104.17968296055
5088.465375540706
5120.988695832631
5107.376508400196
5152.354170728343
5122.395628780794
5165.706794874592
5149.289031402269
5184.360552830664
5159.603325835027
5204.950942238908
5172.074183013889
5214.282708531741
5186.662818918325
5224.061375601592
5196.339606005897
5240.312791816004
5204.050673934162
5243.798614277487
5225.061742282985
5253.145415041357
5231.732732823387
5263.740304472687
5243.670943710283
5269.186306517941
5247.718669575477
5281.460816156732
5252.170086855882
5283.37138152484
5266.718268811889
5285.7169518262635
5273.555829674614
5298.407585371997
5278.539258307941
5295.845870656718
5290.97766146899
5303.829839888812
5292.703241118117
5320.19412953356
5295.20708500876
5322.106997580978
5301.204894031591
5320.857798940924
5301.024623894874
5325.05307461957
5302.36594236777
5326.572726543098
5308.024674462775
5326.419579889264
5303.491062148469
5329.97933771906
5305.141424214175
5325.059651044095
5313.539561665457
5326.781575269997
5309.604912179961
5328.3935870968135
5313.948362689742
5324.973844607285
5310.434348817529
5332.1350891897755
5309.612443548201
5327.928400566752
5317.486327024657
5327.822237497795
5313.011415467827
5337.180949351218
5314.1017029102895
5334.217419907538
5316.158207608128
5343.421370847554
5314.561199230284
5341.961338576833
5323.868236058995
5343.802076398171
5322.336042917549
5355.836173897381
5324.147504403304
5353.437005995036
5333.864106290554
5360.297650369113
5331.995521872372
5372.148740329168
5343.0749728475985
5372.310449871412
5346.322468354699
5381.5816090439375
5346.245618435317
5380.789915936609
5358.118866795981
5382.020658615264
5356.9071606903135
5393.233161754807
5360.111152897843
5393.161777118689
5364.972853690223
5398.461095725279
5365.266855773799
5400.86095539184
5372.970541975686
5401.258777530951
5373.5094422659695
5402.890379989571
5374.370318929258
5402.296388779845
5376.6091861501045
5405.807693849726
5377.13749522791
5406.600444136301
5378.031044851812
5406.830867203062
5377.64962922809
5407.5951834150355
5377.862571741114
5407.733728174808
5378.183150943931
5409.6851324372665
5377.732741573265
5409.53588262615
5378.393211498173
5409.301094374631
5377.931536515636
5410.7651529229815
5378.10868062152
5410.943992929296
5377.806150463565
5412.116597091819
5378.053793849268
5411.766228232845
5378.228677606902
5413.191195842067
5378.5352951528685
5413.799520707605
5379.665759869417
5414.501370641195
5382.815880858465
5415.264926369565
5388.70519892184
5416.32519758894
5388.850922235076
5430.842853262945
5395.915893607655
5430.857986745604
5395.921630501625
5430.85797941106
5395.921635413404
5430.857989688219
5395.921634243572
5430.857979169542
5395.921635420426
5430.85798943392
5395.9216342485415
5430.857978924827
5395.921635425104
5430.857989180125
5395.921634253495
5430.857978680582
5395.921635429769
5430.857988926831
5395.921635257436
5430.857986524819
5395.921635298404
5430.857987855031
5395.9216352756985
5430.857987670754
5395.921635278833
5430.857987696174
5395.9216352784
5430.857987692668
5395.921635278461
5430.857987693152
5395.921635278451
5430.857987693085
5395.921635278453
5430.857987693094
5395.921635278452
5430.857987693093
5395.921635278453
5430.857987693093
5395.921635278452
5430.857987693093
5395.921635278453
5430.857987693093
5395.921635278452
5430.857987693093
5395.921635278452
5430.857987693093
5395.921635278452
5430.857987693093
5395.921635278453
5430.857987693093
5395.921635278452
5430.857987693093
5395.921635278453
5430.857987693093
5395.921635278452
5430.857987693093
5395.921635278452
5430.857987693093
5395.921635278452
5430.857987693093
5395.921635278453
5430.857987693093
5395.921635278452
5430.857987693093
5395.921635278453
5430.857987693093
5395.921635278452
5430.857987693093
5395.921635278452
5430.857987693093
5395.921635278452
5430.857987693093
5395.921635278453
5430.857987693093
5395.921635278452
5430.857987693093
5395.921635278453
5430.857987693093
5395.921635278452
5430.857987693093
5395.921635278452
5430.857987693093
5395.921635278452
5430.857987693093
5395.921635278453
5430.857987693093
5395.921635278452
5430.857987693093
5395.921635278453
5430.857987693093
5395.921635278452
5430.857987693093
5395.921635278452
5430.857987693093
5395.921635278452
5430.857987693093
5395.921635278453
5430.857987693093
5395.921635278452
5430.857987693093
5395.921635278453
5430.857987693093
5395.921635278452
5430.857987693093
5395.921635278452
5430.857987693093
5395.921635278452
5430.857987693093
5395.921635278453
5430.857987693093
5395.921635278452
5430.857987693093
5395.921635278453
5430.857987693093
5395.921635278452
5430.857987693093
5395.921635278452
5430.857987693093
5395.921635278452
5430.857987693093
5395.921635278453
5430.857987693093
5395.921635278452
5430.857987693093
5395.921635278453
5430.857987693093
5395.921635278452
5430.857987693093
5395.921635278452
5430.857987693093
5395.921635278452
5430.857987693093
5395.921635278453
5430.857987693093
5395.921635278452
5430.857987693093
5395.921635278453
5430.857987693093
5395.921635278452
5430.857987693093
5395.921635278452
5430.857987693093
5395.921635278452
5430.857987693093
5395.921635278453
5430.857987693093
5395.921635278452
5430.857987693093
5395.921635278453
5430.857987693093
5395.921635278452
5430.857987693093
5395.921635278452
5430.857987693093
5395.921635278452
5430.857987693093
5395.921635278453
5430.857987693093
5395.921635278452
5430.857987693093
5395.921635278453
5430.857987693093
5395.921635278452
5430.857987693093
5395.921635278452
5430.857987693093
5395.921635278452
5430.857987693093
5395.921635278453
5430.857987693093
5395.921635278452
5430.857987693093
5395.921635278453
5430.857987693093
5395.921635278452
5430.857987693093
5395.921635278452
5430.857987693093
5395.921635278452
5430.857987693093
5395.921635278453
5430.857987693093
5395.921635278452
5430.857987693093
5395.921635278453
5430.857987693093
5395.921635278452
5430.857987693093
5395.921635278452
5430.857987693093
5395.921635278452
5430.857987693093
5395.921635278453
5430.857987693093
5395.921635278452
5430.857987693093
5395.921635278453
5430.857987693093
5395.921635278452
5430.857987693093
5395.921635278452
5430.857987693093
5395.921635278452
5430.857987693093
5395.921635278453
5430.857987693093
5395.921635278452
5430.857987693093
5395.921635278453
5430.857987693093
5395.921635278452
5430.857987693093
5395.921635278452
5430.857987693093
5395.921635278452
5430.857987693093
5395.921635278453
5430.857987693093
5395.921635278452
5430.857987693093
5395.921635278453
5430.857987693093
5395.921635278452
5430.857987693093
5395.921635278452
5430.857987693093
5395.921635278452
5430.857987693093
5395.921635278453
5430.857987693093
5395.921635278452
5430.857987693093
5395.921635278453
5430.857987693093
5395.921635278452
5430.857987693093
5395.921635278452
5430.857987693093
5395.921635278452
5430.857987693093
5395.921635278453
5430.857987693093
5395.921635278452
5430.857987693093
5395.921635278453
