0.7137404848525263
0.7137404848525263
0.34567710396049817
0.6002538273086844
0.5434239488265902
0.3993436234600259
0.46986366913353894
0.41136517036677606
0.4003295764699855
0.3555934514876642
0.3869411429952111
0.37504928253168296
0.35592949433433546
0.3624305989745798
0.3506398023279338
0.3553290632823678
0.34884895340130384
0.35011729816175435
0.34536396876408093
0.34840894749470913
0.34721573198670563
0.3449380934334151
0.3455404321645334
0.34358495891082325
0.3450961691636661
0.3459600224115344
0.34411988750286626
0.34546402491287315
0.3462300074943339
0.34454898613858703
0.34579586303583604
0.34656866146739834
0.345022314457321
0.3461472457940132
0.3468835080865633
0.34547673126595757
0.34649374987149456
0.3472117014999571
0.3459375306275036
0.34684467206829844
0.34753692068797654
0.3463933881511973
0.34719478400562787
0.34784226657828116
0.34682857706424314
0.3471166468218312
0.3470754820316487
0.3464752202122101
0.34619534619177605
0.34626443034301024
0.34560444197359275
0.34537310595310444
0.34530141413430415
0.34477183610725604
0.34441320175368006
0.3443783308315756
0.343802454276264
0.34347986524302765
0.3433225544322739
0.34284557224795775
0.34241327362675106
0.34225278369586754
0.3417421268356567
0.34126519140113415
0.34090042218166505
0.3405170899293453
0.3398860459202532
0.33958974494071464
0.3391346991946492
0.3385925888295789
0.3382071124977756
0.3378143929838523
0.33722330944591494
0.3368787666316428
0.3363344789102851
0.33582564313094365
0.33529984249733064
0.33479547854239333
0.33426744602459796
0.3337636020935871
0.33323579325097097
0.33272700787087606
0.3321959279379977
0.33168778491340567
0.33114949110462755
0.3306408126921136
0.33009876612025296
0.32958786512526644
0.3290413032847132
0.3285303796795129
0.32797796789496614
0.3274668697623002
0.32690962958401176
0.3263980519133233
0.3258353352848235
0.32532420498028475
0.3247556879312707
0.3242454138003664
0.32367094249772665
0.32316196840924355
0.32258131993625816
0.3220741018966312
0.3214871307068223
0.32098208661487004
0.3203887882842122
0.31988622947676776
0.31928682418809
0.3187868649935385
0.31818189373135786
0.31768434382619015
0.3170747572395993
0.31657901840215996
0.3159662115945125
0.31547123168366314
0.3148570372236825
0.3143614631581835
0.3137474166341966
0.3132498207121258
0.31263735176718005
0.3121369240838691
0.3115263162077485
0.3110229438881848
0.31041365111628855
0.3099082465614301
0.30929900967047236
0.30879228355041244
0.30818193285853546
0.30767485195667227
0.30706271641311694
0.3065555731990344
0.30594076000367604
0.30543338170887774
0.304815973377583
0.3043083184785336
0.3036886510366904
0.30318107826933544
0.30255895369947644
0.3020549609771654
0.30143255880571823
0.3009407035699554
0.3003259372164045
0.29981795420423507
0.29921228458578114
0.2988496887236396
0.29833498868948444
0.29785818742513775
0.29747802262012213
0.29666693445865494
0.29649840654307835
0.29576695289042204
0.2953080859312164
0.2945894511270269
0.2943405885565155
0.2937797009509869
0.2933497661898007
0.2929281942234808
0.2922492215448616
0.2920487388034565
0.29132281486763917
0.29101143160756754
0.2903700729282285
0.29003774764354434
0.28958088960365386
0.2888296858201914
0.28856963275060815
0.28800402009540516
0.28751086615615845
0.2868026058194716
0.2865351112501377
0.2859746146399308
0.2855353424713876
0.2851378533652666
0.2844431364125199
0.284261396921199
0.2835594316880471
0.2832340606149041
0.28266610256904157
0.28230250330160517
0.2818980222487287
0.28108009655017285
0.28087471132837005
0.28026460572248013
0.2799732151808818
0.2793482054129793
0.27895548792025915
0.2786082363124863
0.2778117661368079
0.27760189370569227
0.2769735579350529
0.276649969993443
0.2760259475792462
0.2756468985686599
0.27527692067381593
0.27450701156593615
0.2742380074295078
0.2735002841854496
0.2730621847011533
0.2725054603627723
0.2723034361860512
0.2718391007993633
0.27107963108632327
0.2708655469789686
